33
267
481
54
216
797
894
676
825
780
699
519
164
566
458
608
670
858
707
579
490
588
9
236
365
456
882
143
567
889
253
302
761
724
848
33
317
332
485
745
287
817
6
911
548
506
360
81
196
297
98
125
94
490
907
665
228
347
905
419
53
679
112
38
884
522
777
267
611
129
128
476
162
80
197
805
332
790
389
901
664
851
578
290
945
268
129
813
518
553
669
960
228
629
739
702
422
733
850
615
250
22
564
666
318
525
485
568
412
240
245
953
366
191
109
36
380
7
180
764
483
446
517
676
504
449
254
102
519
264
574
692
426
343
230
773
708
987
390
915
628
44
549
766
433
844
127
410
869
537
577
864
768
639
331
530
106
1
895
578
611
940
471
164
517
246
31
797
185
247
961
256
786
661
678
747
20
922
186
162
245
752
829
135
918
188
424
14
838
82
48
124
770
280
578
967
632
189
722
772
419
596
820
190
800
805
697
457
983
405
615
710
66
637
391
65
789
414
981
434
639
847
837
462
138
408
806
471
140
564
443
244
617
108
583
612
45
131
854
716
719
510
173
719
395
355
192
77
65
987
870
982
770
816
912
906
754
297
946
369
959
618
637
565
954
25
693
653
666
493
242
115
904
50
604
777
234
815
439
935
92
326
303
776
802
962
933
138
70
147
218
58
112
768
438
817
347
766
351
485
779
453
517
966
134
809
853
908
363
772
663
745
2
271
231
633
220
530
965
17
965
19
242
952
959
936
583
593
576
16
512
239
618
16
523
998
590
638
684
442
396
227
499
453
391
922
527
255
337
568
816
115
877
47
658
587
398
417
883
489
60
532
719
399
714
171
523
750
72
836
157
428
144
651
390
972
933
714
966
261
10
625
861
506
906
684
993
729
950
265
318
160
264
774
223
628
396
234
224
411
256
677
696
878
682
406
693
278
45
901
799
247
763
405
495
704
128
866
454
325
935
632
956
44
565
194
280
883
645
961
30
397
523
191
386
248
74
623
462
375
8
288
997
702
553
293
667
612
310
785
346
271
942
949
802
675
893
827
824
547
147
568
612
960
438
359
941
104
419
864
541
528
350
834
851
461
658
194
739
296
180
452
239
591
58
338
146
13
670
392
720
893
707
758
470
818
363
136
229
632
687
207
748
960
141
177
254
317
64
950
435
560
962
612
160
95
121
242
709
768
5
76
649
814
764
187
83
123
882
951
962
999
532
666
680
459
275
908
340
499
686
217
633
256
314
591
178
578
509
630
407
614
885
20
59
62
912
632
938
493
397
287
800
106
578
254
966
533
276
370
932
92
466
172
351
70
335
679
949
218
385
468
5
30
256
385
495
234
350
927
172
540
895
357
65
228
414
955
579
329
375
880
526
525
286
832
805
276
425
641
859
810
543
798
737
876
214
454
804
599
880
860
410
400
409
956
121
2
474
351
627
504
45
913
58
179
345
624
685
465
779
654
972
329
149
877
578
130
288
813
926
55
738
767
641
752
895
492
207
883
115
201
407
391
885
498
820
955
729
811
183
179
838
115
628
400
445
945
320
293
133
899
104
896
590
373
386
707
362
506
98
289
712
946
762
619
519
963
191
584
538
535
20
917
545
16
581
289
862
492
896
34
501
642
370
387
392
837
539
857
767
262
572
834
167
565
602
271
944
716
377
26
592
548
672
154
818
17
577
697
480
533
832
175
927
728
714
912
54
357
443
278
904
408
890
161
833
149
199
691
310
856
85
53
113
695
164
93
514
399
843
861
658
157
791
103
62
531
661
712
962
49
1
572
604
205
205
950
210
64
468
464
949
961
969
939
326
335
727
651
257
588
204
229
851
366
798
949
771
829
678
263
526
810
530
828
682
532
384
323
150
744
323
616
253
294
924
696
215
788
125
284
2
671
403
107
77
91
340
579
838
9
325
475
723
297
131
532
577
999
365
980
793
155
833
669
343
124
254
398
925
323
488
530
788
451
348
593
138
170
957
363
928
90
730
467
252
244
822
832
478
12
523
892
894
589
604
192
788
157
75
975
665
192
804
331
156
865
927
296
620
139
1
848
879
191
956
659
802
36
128
952
824
556
247
806
320
166
526
613
498
301
556
889
980
953
275
119
816
464
680
903
436
131
93
576
20
63
59
763
835
736
684
525
98
301
862
782
176
727
886
809
453
968
727
213
931
420
963
723
737
732
110
565
153
913
141
939
330
165
426
483
921
580
207
887
119
478
108
198
565
675
480
839
486
726
865
601
579
676
111
470
585
161
808
479
202
572
845
39
