688
1848
1715
1657
1708
1158
734
1430
648
1254
1234
781
525
10
1084
585
1833
168
859
498
81
906
1973
1690
283
360
337
1109
150
1919
950
1303
62
791
719
347
1173
1480
588
709
164
1550
1057
1921
1410
446
1900
1587
1280
371
89
765
1450
1123
112
1224
1053
1583
1110
123
1440
868
385
1096
558
6
103
686
519
1285
32
1468
454
803
475
950
1456
265
1492
1758
131
1779
79
1101
970
1412
712
1843
1204
326
1394
739
536
247
1105
94
1902
77
1292
1940
1473
849
1401
371
1772
352
426
635
643
1935
241
1167
1366
558
232
828
529
1418
241
1116
1565
1377
489
1242
968
1710
1524
1326
396
1710
408
532
1204
849
845
1819
1682
776
517
31
464
415
204
98
562
1022
1145
502
164
262
1499
827
478
20
1776
1039
82
1801
835
1798
840
938
712
1112
540
327
855
396
1221
1875
280
779
1129
923
1604
1242
954
1961
321
1603
597
1683
120
1070
587
1991
675
1097
425
460
73
1182
1444
878
9
1200
368
1398
1733
432
1697
1318
1382
226
1612
403
576
1946
954
261
616
874
267
21
1441
1389
341
1731
81
1916
306
170
565
1018
1058
407
1006
1759
927
1927
1878
820
1133
1951
196
1919
445
1286
992
846
1431
256
398
187
628
1141
1190
913
1240
1778
609
161
1868
407
441
1436
232
1021
1246
250
1332
366
301
1973
799
385
1387
1119
1725
26
279
1561
1143
1972
1600
1229
1916
726
1523
623
1722
1816
192
606
684
167
58
696
1876
513
1225
783
1458
1654
871
1716
284
1223
1671
1050
65
1304
853
1339
1766
893
1948
86
1119
452
587
1705
54
421
928
1835
318
749
238
1395
982
1032
1593
1633
1996
1293
254
199
1458
1780
390
149
1512
1268
341
1199
528
1448
211
966
645
513
1125
484
217
1503
1980
1992
747
886
1533
1552
1331
408
925
643
1963
1214
1982
1087
1202
1906
576
620
771
691
1062
424
331
1627
1133
436
424
888
523
443
454
1450
744
1494
1252
1001
207
216
1830
1614
1421
54
865
1443
1852
838
290
868
415
1394
1575
193
1150
1806
136
741
735
1190
195
1850
1021
1571
152
1879
1234
1179
513
122
1378
1368
1055
1684
1166
1217
246
99
285
684
1492
1483
588
1425
1487
998
966
1119
1246
1537
1115
408
359
1874
838
606
844
937
1443
142
761
168
72
389
1392
1192
1399
1733
1127
1703
1342
917
132
82
690
1740
98
1464
1138
8
1398
1340
738
718
397
197
67
270
1281
684
740
1527
91
779
745
521
1174
7
220
187
316
1155
428
628
1781
618
1303
493
736
325
1297
981
285
1662
1803
807
891
1636
868
343
382
1066
1647
1953
338
1114
538
1174
1385
1443
147
1646
934
354
376
34
1142
1727
389
465
1404
1734
54
139
1192
1420
1932
483
1584
954
522
1084
47
476
456
1026
1162
1829
324
3
107
532
1568
1419
1990
1185
812
572
1411
601
764
1134
1587
32
364
913
187
1957
826
829
1925
1920
624
244
450
94
1179
1571
570
303
791
237
440
355
992
144
1606
1347
1159
1749
1146
1522
349
1875
1075
777
37
36
832
135
333
1964
1225
1973
1729
543
498
1553
1263
1818
1398
1259
1222
541
197
356
926
861
966
38
1859
517
1591
811
1090
370
1305
1769
834
1439
1360
690
1189
546
1508
1967
425
283
863
122
341
1363
321
580
1538
1020
1265
1185
1813
167
713
1824
737
1884
125
553
759
1709
290
1443
427
1220
417
135
1761
823
1612
795
1350
1953
1737
97
302
1393
502
378
1593
1811
1813
699
193
1374
1112
1503
924
896
259
1608
944
1640
1344
1827
1743
764
347
504
1435
701
1035
97
696
118
1146
595
1683
1510
1984
1839
566
1026
1410
295
1152
1035
1881
890
1473
1917
1777
285
1629
105
1533
719
191
1170
859
539
1162
711
718
1775
342
940
268
1985
1643
600
1668
1075
1974
1524
466
817
265
1580
1205
1428
1225
23
932
843
207
1175
1660
1808
1840
1149
847
629
1881
727
1793
974
401
714
147
1130
1367
90
1949
120
333
1899
105
1606
1327
695
951
1241
4
11
342
45
1053
1571
1571
745
1739
540
1258
299
1913
1366
425
683
776
182
974
157
735
568
877
1339
1605
1857
1395
1604
1141
122
434
830
1319
1823
84
1504
472
1513
1124
334
271
1785
1074
1266
802
1895
1551
326
229
1108
1061
1161
122
1381
1412
725
738
463
14
172
1880
633
1406
1742
152
1186
1760
1256
343
1620
1302
1720
388
488
1468
677
1004
1667
1
1969
1755
934
882
51
374
731
1001
1249
1861
662
1830
833
753
1839
147
1722
596
1431
242
1924
428
978
1303
1345
1276
287
946
136
1816
256
1636
1970
681
610
1725
615
235
1602
682
1548
885
881
1320
417
266
835
897
98
1334
1260
546
997
1923
1673
429
1041
113
1528
1958
1865
1042
983
493
191
1127
1969
138
1329
1283
1395
1687
469
288
702
1652
1051
1956
798
1125
1354
248
1752
1793
1052
808
1152
535
1639
1246
657
1423
773
1436
1661
1817
1067
1348
1601
481
1686
1223
917
1854
709
1287
417
376
1833
591
1968
160
1082
1093
712
173
1979
1301
930
52
1393
1644
1798
171
3
1766
530
47
1074
1674
805
1138
635
127
1254
1435
395
1422
1551
150
736
1002
785
1623
464
707
782
910
62
1280
1862
335
409
297
226
902
477
1004
1155
1809
68
1311
1153
175
1893
732
753
1023
911
1113
1407
1456
1057
1596
493
1518
1894
497
1607
1880
1963
1136
1227
1954
984
14
785
671
251
1061
499
428
1081
1821
1694
1948
58
1798
196
72
1421
279
1548
1777
671
479
1204
124
451
341
250
1011
1194
144
591
1923
552
1938
500
404
1243
297
1300
551
142
1825
1304
613
1542
0
1754
1307
1621
1391
1091
127
613
790
923
205
1688
688
1254
1423
1362
384
362
825
605
1657
1365
153
1167
274
1041
754
452
981
1284
550
497
1477
1917
1003
1790
729
1263
1952
845
1142
456
830
1378
885
1033
1235
332
495
184
425
308
1079
265
1012
158
429
1965
335
375
315
1049
604
1028
1377
449
1737
141
830
1930
1560
1768
1518
1880
1117
1736
1858
634
18
1985
1302
927
1137
734
1990
1824
154
698
263
1065
1544
965
1284
1051
1165
824
187
1997
887
807
636
902
1880
328
483
1964
1747
521
291
1548
1089
1712
454
695
812
1573
754
1398
1499
258
847
558
1047
706
606
902
1325
1884
130
104
1065
340
126
683
613
1769
1094
1259
1390
1692
641
39
1997
1834
86
234
1513
1898
878
1524
1562
1503
1327
1395
73
475
1618
690
946
477
1721
1085
532
809
1374
259
1359
902
980
1615
830
1873
871
1747
1577
1036
1028
1983
717
1091
1030
1917
683
635
792
337
1123
1551
744
218
494
1553
1129
713
1884
1739
1748
1060
1850
1716
42
168
927
394
780
1214
585
726
1687
1817
1275
950
503
638
1549
682
451
1906
275
250
1870
1000
246
57
425
65
394
1834
685
1129
963
1572
1373
1031
47
1803
1356
453
76
898
30
160
464
819
1456
1351
1653
1688
1604
1364
55
711
86
1074
927
57
1354
675
920
177
970
292
352
33
1012
431
599
1375
1070
1391
243
1194
449
842
1978
924
63
714
5
1382
162
912
1328
1742
1654
1052
1173
1475
615
1802
1792
349
561
1198
1449
902
1884
673
1701
1120
1666
928
738
902
1288
418
416
1280
1520
328
617
1656
373
782
190
525
1
622
362
475
368
1318
1385
1087
436
257
265
947
1212
31
723
657
634
840
340
312
226
1703
91
1590
1510
716
603
1938
832
1046
72
873
544
146
1556
804
572
1650
1056
901
1307
1861
1082
1665
1991
1394
1718
576
1168
312
32
1672
798
177
1440
103
1801
173
591
1321
1837
1431
290
1556
1932
602
566
874
167
854
1070
507
1722
1992
3
1972
480
145
330
500
1910
737
1254
9
1988
481
108
450
1462
616
1991
185
155
959
1333
1128
1613
1745
132
1768
1543
1827
874
1901
741
42
1140
1822
872
681
1955
3
1261
30
56
927
1771
44
1788
901
1389
1994
71
1355
1946
249
969
1659
1026
442
1946
1853
1830
1107
32
376
251
1358
1234
754
460
911
1867
1184
337
457
152
1508
996
1216
1875
886
1190
1486
283
1147
1065
1633
684
166
1976
156
1483
984
916
195
1127
1815
1904
1574
1027
469
1622
1345
1959
1004
1165
1828
1630
610
1542
886
1963
1905
226
704
775
1707
1006
1430
1708
663
1193
874
972
1519
1063
661
107
1253
1042
1227
1038
245
827
83
1602
687
881
1708
307
1556
169
1939
738
1783
1995
1033
1698
587
251
125
1588
315
1224
435
1448
571
1773
1091
200
897
1789
530
542
231
1824
1413
742
970
1601
98
771
1999
72
637
1561
739
1561
1931
890
92
1234
1497
1984
815
1799
604
119
1209
800
837
1218
179
1065
1273
1429
1197
435
46
1483
224
1257
805
1588
1090
1693
381
1847
1791
1309
1952
958
1985
171
481
1400
787
885
219
673
198
1464
1581
391
1140
289
1121
243
112
1073
724
493
734
1391
1487
738
1751
1640
874
699
937
1862
1942
719
1093
668
229
329
488
1836
1357
395
704
136
204
1736
1321
1208
889
1969
637
1886
92
1796
1289
1898
586
1101
592
1870
1804
619
189
1731
1379
1303
1137
1998
1092
631
1361
1735
1165
477
368
1100
864
1990
626
162
818
1285
1283
860
956
1231
1535
926
480
972
1212
886
1792
1074
331
651
1982
793
154
1925
1721
709
1328
236
716
1063
636
803
946
1086
1437
567
1455
580
815
61
564
1445
249
486
1112
1048
880
1651
226
1911
1427
1250
1484
1299
1873
1310
1448
1236
1359
856
1208
1282
1436
700
133
457
1523
455
91
1812
642
6
43
277
578
1196
246
201
1361
773
1513
612
1504
3
402
92
1927
1243
76
1520
1221
904
1704
746
722
601
638
692
520
154
648
1967
161
1606
1759
895
1752
1573
1052
855
786
1931
1101
420
1401
1770
1103
241
1876
166
1645
1613
1247
857
1331
733
714
274
1445
648
1400
1831
812
1795
1720
786
1950
1978
1440
845
398
1190
1462
1072
1983
1728
1396
1114
1030
318
1999
1940
229
1876
734
713
986
526
198
1265
1565
967
1720
339
894
1934
1490
1756
1494
288
137
199
972
1799
1057
1037
1027
451
1524
1522
273
991
819
857
475
537
1830
1757
484
1246
462
843
1236
1195
1424
772
1556
692
243
980
1842
1391
552
1760
355
1540
1928
375
407
729
1300
1584
401
1296
1594
483
247
291
600
1780
1835
310
610
1080
734
479
45
1057
1458
445
934
1166
792
551
1187
663
1347
583
1164
1313
1520
1642
1545
669
81
