3529
3389
1178
802
3187
628
3243
2017
2630
3521
2429
756
2924
1474
2720
1179
2400
3485
1731
3475
735
1435
3736
2708
1944
1217
1582
2612
694
1879
2119
3741
2926
1257
238
386
1360
1217
3199
2746
502
880
2809
3681
1770
812
2625
640
2416
2104
1743
1030
3433
51
317
3523
873
1565
2685
2925
3381
364
1429
1445
673
3014
1611
2114
2815
3986
2818
1417
3260
845
2220
3454
1795
607
3161
702
793
456
2376
342
3835
166
1918
371
329
202
2461
819
3692
1645
1044
694
2234
2915
1652
3200
1138
1063
682
3998
1419
1948
2750
519
3769
3499
3193
2171
3675
1403
1434
2135
431
1429
3336
1324
15
2100
3527
1108
671
2458
873
592
2247
3874
3027
3324
3778
3980
2347
2663
3821
1362
3771
3041
1025
3250
3962
1011
169
168
301
2866
2698
3011
261
1483
3121
2730
798
2377
2825
1745
2633
2677
3824
1681
2181
3994
604
2923
2043
3564
1116
3839
622
171
1103
3726
122
2513
1020
1663
3335
3663
2458
3880
2620
3242
1880
381
1520
773
1874
1931
16
1506
2251
178
1788
664
2278
2166
3173
1613
976
2958
1230
105
3136
3635
1315
1276
1086
1192
310
741
643
3097
2631
471
3523
2896
1957
555
2510
2107
1667
1647
972
296
689
811
2721
3404
2400
710
3777
1348
3063
3927
2054
3015
2693
2015
2478
1048
1527
1162
3928
988
1584
2255
3667
2364
2905
2236
292
370
1847
3960
268
570
622
412
176
1559
3908
2640
320
418
908
3006
828
237
3509
2892
1856
2457
621
805
1188
2009
1290
1849
22
3014
1522
1268
256
1122
424
3235
2315
2534
2415
1843
3427
825
2693
2608
3213
3603
2594
3561
1264
2629
3719
217
2074
3015
1007
577
1168
2610
2640
3943
2530
2927
2901
2914
3608
3057
2426
3616
1240
691
1637
1491
3974
1141
3949
1222
2987
3873
3908
2446
3307
3234
1415
678
2778
656
2352
1697
69
3548
1475
3990
3220
524
2064
45
2065
261
3588
1625
3303
300
1575
2353
1404
1012
3439
1840
2133
264
310
3116
3160
3001
2072
1718
795
352
3207
3065
307
2070
1042
786
3288
3851
3708
1063
3048
3296
1882
2292
930
2646
1658
2856
2844
501
2880
3859
784
1221
3906
2964
2500
2614
736
2121
2855
756
3335
3369
3935
3475
2368
3309
554
999
2833
2688
214
1989
3863
2370
3930
3909
342
1901
2578
3660
2571
1620
239
3656
3893
1538
86
2275
1325
916
1160
462
1661
846
1496
573
3727
2329
1691
3389
446
1240
3177
3096
3982
1248
2901
1382
3874
1720
2318
230
2441
822
866
400
547
521
3303
747
3044
3121
3724
3708
2122
1900
2973
937
715
3253
1700
88
351
1512
3221
2842
3893
2054
2662
1543
2585
419
35
3944
3928
2061
654
2837
3934
1074
3973
3566
3984
3608
1319
802
3047
3474
1872
3397
1143
1329
1147
3887
2218
2444
3883
1496
507
2918
896
1561
2800
2706
1661
1383
3540
1447
3174
329
2929
894
2029
1424
3016
1040
2425
1174
1443
852
2881
1668
1832
2125
110
1670
1614
2516
740
1095
440
3868
1925
3778
3143
1855
2512
341
144
2589
1907
3335
2228
3856
2100
369
3880
1892
1180
3965
1954
2328
1729
3399
3913
3030
3283
727
3182
1987
103
585
3429
3918
3437
2934
2895
2639
1275
2410
2661
1229
743
2020
2635
492
926
284
2092
697
2529
3229
1166
1079
1939
3677
2971
1422
2178
3649
237
1403
307
1184
626
528
449
2202
113
2898
1399
1218
3291
3532
3816
1173
852
446
1514
3049
1592
1761
1107
2567
454
3433
3190
662
880
3206
1586
2297
3897
2398
3289
598
619
3138
2077
3746
1416
2242
825
437
611
3505
2003
3072
1238
2833
2922
2804
2563
1269
136
243
3401
184
943
694
2178
641
98
1681
1442
2038
3513
2597
2437
2704
3289
770
1589
2569
2803
3902
3064
2911
3178
302
142
528
1754
956
557
2096
3059
3260
288
2725
3410
493
1971
1019
2356
1438
1640
1736
12
1491
1159
1996
1781
1404
3524
3565
3096
3886
607
2454
3462
521
2961
1552
43
3878
1939
480
3632
1060
785
3832
3527
1824
3395
1042
623
1037
2464
462
1999
3162
3055
3214
3218
2018
226
1841
3425
91
658
3861
1488
555
499
775
2534
626
2043
1086
221
3481
2753
519
2255
963
1301
1797
620
536
1315
982
34
1844
2258
631
1803
897
2810
3923
1809
3354
254
766
594
3182
1235
2525
1684
3902
253
3719
2959
1858
1920
3963
3010
216
3600
2632
533
766
1306
1231
1674
728
162
2899
3871
1983
2258
3853
3730
622
471
3563
486
2368
2548
1245
3964
188
2376
3012
3722
656
518
1557
109
885
1799
2702
2492
3114
3618
2954
2632
170
3948
685
469
876
1743
524
856
3001
3612
381
2472
647
2115
1551
2631
3930
926
1188
707
2800
3332
1813
900
2157
3544
2960
469
3365
3067
3553
3339
266
2895
535
2145
1015
2603
1204
332
795
1804
1194
877
1985
3105
3213
3716
2244
3690
3629
138
879
123
3310
1328
1510
252
762
3610
243
3133
1223
1813
2725
632
949
822
3010
2774
435
3543
3713
292
3722
3032
3909
1274
1316
1166
3734
3741
1812
2375
2495
224
2801
3874
2028
2070
1093
2154
2249
877
1255
3553
2598
3437
2241
3413
3776
3736
2764
3306
2766
550
772
587
1920
3298
3569
2603
914
1275
2531
1579
2287
2466
2301
3368
2030
2509
3609
1470
897
1060
1352
2090
1492
3434
1897
2578
1154
450
1442
1696
3524
482
607
739
543
2382
3479
3769
2889
2716
3692
997
3315
3135
3895
2599
672
1338
268
2445
1076
3328
3924
3782
321
3533
62
64
1462
2353
1932
433
2413
1265
1801
2064
533
686
525
2923
1382
676
2459
3939
3656
2034
1733
12
3049
1795
1817
3138
1427
3618
943
1982
1179
3046
2915
1659
2397
3703
3455
3661
2411
3238
3894
2582
2639
2308
2038
1913
2738
1207
2240
1753
1907
2447
3588
913
3183
2324
2845
2421
1251
2979
2108
3341
259
2996
2564
2644
259
3724
3931
2633
1568
3321
1396
1852
2992
2219
3234
286
2821
1266
509
183
2239
1170
2344
3899
3993
1533
35
2703
591
2966
1160
463
2641
280
3839
1978
3443
3459
1651
1444
2490
2580
184
53
3871
1399
2203
1418
3958
1362
818
3470
910
1467
3662
1665
2187
3295
1383
3038
1235
3253
2666
3397
2313
3515
1277
3667
2543
711
2132
2632
1251
2332
1026
1171
2306
515
553
1766
701
2857
1745
507
652
2156
2797
3744
645
175
3007
2740
2713
3996
2044
1272
954
719
524
3749
2602
1935
3295
3502
2649
941
1714
3372
161
1384
3041
3700
3276
607
2478
3016
546
2889
165
3098
1958
861
1099
234
2800
2013
72
3742
2446
1125
2407
381
547
677
3772
2334
427
1216
726
3767
1779
1263
3306
773
2266
3739
1594
3493
3944
3291
3082
2383
3912
3980
3029
323
1360
3365
367
810
2806
267
283
3109
1728
1691
3610
2042
2562
2264
2779
528
695
685
120
2144
3293
1610
624
3635
788
3690
2101
1266
2640
2340
742
1130
501
1042
399
2303
2745
1852
1202
66
433
1390
1348
460
553
3608
542
3989
3484
3739
980
1837
2567
2253
697
3414
1346
3597
1158
1962
964
2005
2958
646
373
1595
408
2799
3655
887
2481
309
3176
2239
1684
665
1661
321
1114
1574
3040
674
1249
139
2973
2538
1740
1020
3383
1476
2541
3496
2879
1817
105
3561
1457
3375
1968
3584
3500
3811
3714
573
1053
3429
3625
676
1239
195
1002
3404
2472
257
690
694
3312
1535
898
2063
3972
1658
3187
3897
2130
2689
1295
1945
2272
2981
2877
3582
3178
1699
2574
2400
2330
2962
1017
2554
2937
1923
2616
463
606
2157
2573
2300
415
100
2266
1710
1759
3397
1302
3923
1617
2031
2845
2229
1250
1780
1663
3128
3708
3416
123
2
2702
1926
848
1111
1328
1091
1625
3903
1704
1707
3732
3447
1923
3081
760
2208
3467
314
507
2359
3988
1852
1972
107
1842
1282
1426
2524
1063
2835
3243
3904
1281
507
3982
3558
3413
1603
2292
364
2094
731
3191
1560
1522
2858
2500
3430
196
2778
1474
803
774
1787
398
3874
2459
3519
890
2188
1684
700
2048
2680
2114
835
2759
1898
3943
3777
3040
510
1736
2165
3357
2215
3577
3847
1338
3044
1497
2160
713
2822
3943
63
3574
1733
3818
3336
1717
2948
3423
2769
1056
2280
483
2639
3303
96
1327
3633
326
3730
709
2324
2681
2974
1245
3223
1381
1864
995
3787
1127
3080
3161
335
101
2800
3784
1344
2577
1861
2958
2979
596
3360
2393
2703
3265
3431
411
3142
54
3632
3996
2725
2099
1254
3773
3868
2848
3640
2045
1649
3750
3516
791
2514
2762
303
1702
51
1451
2283
2119
2841
2452
3470
846
3210
611
3084
803
2631
1339
3330
3838
1386
2371
1351
209
2571
3340
2187
1308
2824
1636
2538
38
2083
2087
3060
2658
972
2471
1603
1886
919
1463
2434
2792
1055
3822
426
1312
3750
3404
136
106
1914
918
3352
2185
3767
1092
2822
1545
72
1136
3469
923
1989
515
1414
440
2336
1263
3577
1994
3312
883
1222
3501
352
2837
3651
1064
198
1988
202
1833
3905
2057
2373
2019
3381
3546
1415
2583
1333
1056
2998
3372
2019
2052
931
2216
3271
36
3271
2336
1328
789
3271
3091
2847
2467
3134
807
604
2777
2277
3358
3689
47
57
906
3993
3743
1480
3531
989
1884
2454
3989
1891
427
763
859
546
2367
2956
3872
3078
1535
1421
3917
3218
249
1629
1036
2847
26
3757
1422
368
2586
3304
2827
2246
184
1322
251
2668
2884
3788
1911
3253
2545
555
1793
1561
3477
2506
1082
739
3725
884
231
1796
774
1501
2890
3956
2872
3610
3417
863
1409
3824
1841
2703
1800
3578
2135
3537
3085
2811
3970
2005
1558
1478
3412
2030
1645
3380
2310
2487
1297
3488
3487
3090
1931
3982
2248
1601
1443
3649
2519
3789
1724
951
2197
3782
122
478
25
3210
2015
3460
3445
3733
2818
2942
3653
406
3847
1733
3684
322
3129
1137
1595
1156
246
696
3989
2677
1386
158
264
2038
1915
2217
3225
620
2005
3158
3149
3836
2356
741
3261
1994
3480
625
751
2282
863
2486
2285
916
771
1928
3416
2877
1339
2270
2738
1758
1528
2595
3995
3794
1152
408
1375
1900
3822
1228
1071
2703
3500
1997
376
895
3879
1797
390
2158
423
2284
1877
3527
356
1380
1292
1497
2781
557
3514
2392
792
3736
1252
2057
1166
1797
2340
3247
3960
904
663
2766
2740
1254
3108
1680
737
1291
2472
3336
3645
644
1570
1136
2803
3850
3232
1921
247
3458
3757
3781
2193
5
2504
1464
2485
3895
209
2539
3285
2562
3264
1308
3856
794
565
1988
1624
3048
842
1773
3493
715
2536
2135
3340
1158
900
2644
3189
3515
2409
664
3089
422
2256
2398
2971
82
2068
3088
2247
1674
3085
1507
229
733
2629
1395
549
1922
1160
327
2197
1227
366
226
2159
982
966
2085
2275
1181
1080
2415
3493
1789
1118
3779
3304
2073
317
804
1199
2134
2601
2921
3690
1926
2126
3353
1355
1561
351
586
1324
681
3764
1117
3056
3687
3908
196
3921
1561
2039
3661
3356
219
154
3855
221
1154
583
697
3888
3844
2949
390
3309
401
1167
1748
2035
3940
1628
1125
665
257
424
859
3913
1817
279
1174
69
1456
2874
1464
3336
3231
2443
2667
1624
3158
2891
2460
897
2222
568
1892
1938
3924
2865
972
3401
3286
2421
369
3234
2640
1971
1239
3269
363
3145
2569
1360
3266
2179
662
2545
493
1973
1194
1345
3214
1429
63
1161
2886
3801
3065
2103
2816
2491
1016
252
991
3413
3916
2346
1374
49
3852
3259
2085
1201
2337
3064
765
1634
3130
2684
3582
2002
3399
3914
3994
3798
3360
1492
838
2548
3507
2313
3782
235
3553
3503
1490
1270
426
1717
2403
832
2908
1705
1369
153
1021
3801
3235
876
3910
156
21
890
2527
1421
113
3367
1287
2993
3242
2973
3110
3212
2394
3986
2751
3743
3184
346
628
3310
814
741
3031
2957
1425
464
1394
887
1778
2047
3996
830
1246
3703
2195
2336
2055
63
540
909
2306
1236
1958
2538
3883
1641
471
971
700
1401
2566
1054
2405
3522
513
3842
3321
1946
199
821
717
3442
1975
2376
2257
2611
1643
3088
1371
2441
1734
3727
378
1494
346
1919
2293
3236
349
1207
2122
3188
460
2346
654
2528
824
3220
434
720
1044
2338
1365
510
2793
3378
2729
1608
2247
3932
2375
2469
264
38
2051
1398
1943
3362
869
3403
2469
3792
1678
1214
3310
3256
2595
106
3911
81
3065
3263
832
10
3893
233
3186
135
3719
2388
2322
1479
3412
2104
2842
242
2824
2153
725
1181
1468
198
1512
1470
2015
3779
3394
3858
105
3373
2302
632
2943
1916
835
385
961
1352
1847
1556
1850
452
3500
1946
1974
2498
1646
1549
758
3586
1055
1760
2649
1400
67
1197
900
613
18
1769
569
3596
2743
48
182
511
3913
1838
1466
1832
1372
3656
1922
2038
467
1493
601
549
3728
2006
3986
755
2505
2860
577
2261
2256
3966
742
592
1699
3072
340
3277
1735
2716
1296
721
3929
1788
3127
3633
1166
1099
1370
1556
1390
79
1043
1338
1312
2772
2601
1477
345
2780
1281
1036
77
3064
2968
2636
2212
1013
1840
3184
3042
2549
0
1920
567
2402
1265
3598
791
597
2489
3027
3109
2395
329
3802
3266
1783
1745
1583
3234
2947
2350
1744
1920
325
73
3010
6
490
2898
263
3514
265
3365
2447
865
841
3919
33
2665
1378
3530
398
3835
2465
356
1254
3477
2569
2307
2432
567
2441
1161
3605
3171
3190
296
2538
2499
585
3847
465
2847
2446
539
3061
469
3465
2067
195
3797
584
50
3421
1501
2709
829
1566
1449
1949
419
3442
1329
3265
1097
2823
3147
288
3457
392
3339
3733
3739
929
866
71
1417
957
2423
2902
288
3912
4
1445
657
872
1640
3782
2845
290
2848
1149
2064
2878
3147
1567
484
1082
996
1732
2272
1165
3620
491
788
3881
2363
1682
28
1494
170
2453
3199
3353
2815
3478
2104
2335
3593
142
2804
3940
2516
1027
3302
771
683
2111
1302
1865
1106
3627
1449
2578
3618
2841
1235
2272
660
198
692
608
2653
2804
3271
1957
2035
3108
3621
3582
1723
1493
3340
1796
2187
2503
2241
2509
778
2081
2753
2271
2568
3576
2950
2916
344
947
3946
1355
3382
209
3462
1486
1351
2751
2436
2520
504
3947
1476
3806
1259
1933
3254
3337
2404
552
1056
661
2589
384
296
1233
1497
1285
811
2797
3160
3682
3809
3523
3837
2078
1841
2318
2335
757
1689
2487
2666
1855
1720
1642
2396
3445
3170
1887
3989
1300
198
2743
3887
2918
1627
1303
3906
1763
840
3266
1392
3216
1680
3624
2289
2683
3651
2781
3281
56
3063
1372
199
1760
81
3466
445
3994
1664
1801
1517
3956
1838
962
2338
0
1655
2740
3894
2917
1120
1984
490
3889
411
599
3743
104
1347
3072
1729
3150
2771
226
1863
3368
1413
630
137
2146
2939
3350
2480
3422
1406
1947
1769
1884
1985
2192
1726
1714
1376
2225
2116
645
2093
2763
3328
1064
3092
1528
1580
3418
2006
2214
1506
938
2395
2963
1806
2391
2841
2932
1845
1715
2347
50
90
40
1148
582
1078
945
1840
3814
3923
2804
1207
1238
1970
2831
2912
2201
2825
1401
3105
2389
3599
3746
3981
1679
3051
221
1578
579
2516
2866
1529
2849
145
2015
2163
3682
945
469
2993
1229
3061
1910
1449
1843
2293
3276
978
2680
754
212
2608
670
1957
2114
2646
2289
1743
3762
3226
3048
1209
1701
3587
1618
3611
758
3385
1413
469
3007
875
1375
98
2970
3469
330
954
3964
2429
2637
1230
3957
220
648
653
2003
3476
3323
3181
2190
2619
2121
117
1621
2497
3604
1602
2256
2003
2051
1449
496
1258
3558
1821
2292
3002
2812
1348
2907
2729
2242
1077
1252
2828
1018
2821
3477
3775
2534
520
1085
417
2311
2220
1323
1080
1759
1665
3134
2430
1766
313
3771
3707
439
2123
2108
2574
1899
2278
883
2518
3197
2262
1900
2004
1616
479
1233
2436
1432
1585
3469
1394
2228
89
2988
3733
1472
3933
1402
1276
3163
2116
1518
3265
2748
2689
2217
335
3103
248
3345
3933
3098
840
2199
878
3851
1150
3163
270
365
2363
1222
1834
76
3680
3820
3099
3015
3394
2820
3834
182
1602
3263
3555
1059
2510
1804
2935
3238
612
3937
1487
3247
1217
309
1298
3731
257
756
1070
3143
3845
3626
3840
1656
2896
3705
2175
2976
474
2693
3908
969
1880
2471
706
343
3161
3370
2670
877
2941
3293
2132
2883
1696
1924
1619
1146
3288
1502
2133
1735
3368
2394
3462
2691
1578
3762
2590
3172
1499
1758
2482
943
2081
0
3032
2772
605
3060
2319
3116
1502
2710
2001
3732
3204
3521
1386
169
92
414
3582
1858
629
1259
870
4
2882
2916
1430
6
2652
3534
3691
1778
2601
1339
1419
1981
3600
2428
1446
1356
135
2032
2490
1584
900
3956
512
889
1377
2928
3907
3152
2253
3334
1089
1107
3437
3805
1785
3201
398
3899
3392
612
3475
1505
3830
386
1331
2989
1912
1608
3876
2643
349
2188
704
1310
1289
281
45
2367
2402
2501
888
2962
2623
1908
1414
1172
1553
3135
3586
314
1530
1562
890
1904
869
3978
1988
3922
665
431
3399
3008
3960
3092
3278
1383
1962
3330
54
1943
2213
1142
1325
1131
2093
469
2406
1834
2222
2554
3186
145
42
2595
3087
3180
1772
192
3822
451
2118
1520
1558
1498
1148
3624
491
1915
1536
2253
1866
470
1831
2855
2215
1667
2735
155
24
3339
3061
1515
2495
3045
857
566
2151
3891
3368
2686
2509
3288
2519
2102
162
1172
726
1199
830
537
1886
2958
3228
2113
2654
1424
3345
1666
1127
925
2754
1918
1527
1664
1152
2282
2278
55
988
1443
3209
2538
2738
1640
1680
3456
1381
328
1646
2513
3188
2901
2898
1599
2272
429
3631
1657
593
1010
301
151
1822
396
1843
2224
3048
2807
3480
1459
160
3917
3644
530
2881
1049
3004
3808
1484
3921
1495
286
136
2852
143
2960
425
3129
3802
3773
3658
1693
3524
1099
3180
3684
1628
1358
1581
1322
3047
1175
2923
510
2847
843
2614
1258
1949
2339
2546
1466
3878
3243
863
1157
3826
3997
1466
2507
1920
3806
1181
1768
1168
3120
392
1745
3911
974
2363
1470
1294
3682
2472
3199
1633
2618
2095
1511
1912
3915
2505
876
3490
1683
2340
982
1985
2284
2200
2497
3706
3234
3001
3285
1270
2630
3704
2986
3883
2882
3683
302
3967
988
3233
1561
245
1304
1059
3794
2000
3233
3719
543
1492
98
2662
1648
1766
3621
410
212
3037
1152
870
774
1987
1823
149
1095
3137
548
876
44
1416
3776
1903
2398
2655
3904
3315
161
1880
2044
1003
1481
3493
2022
2188
564
42
1388
2877
1483
693
3677
3926
3764
1004
1683
947
3258
2419
1230
2696
2736
2026
3786
3715
2820
3895
2477
482
464
1375
1824
1830
3070
373
1109
1829
3620
2293
3490
1326
1025
2814
3083
2295
937
810
1658
1734
3382
1947
351
1457
3091
2344
1951
2698
1006
2204
1547
2169
370
3001
1425
638
139
2074
1231
703
212
2458
3092
1488
2289
3276
1716
275
2933
699
1905
205
1765
3871
2919
2327
3246
778
2852
1568
2326
2822
3548
1655
323
616
87
3172
1070
1277
3578
3991
710
2331
1845
365
100
1914
3773
3463
3229
351
1042
2649
2944
568
2539
3340
759
44
2986
3106
1868
1628
2490
3442
361
3607
3463
2049
387
2811
1710
1169
1595
2259
1336
253
3589
1729
2633
2847
3367
2049
2651
2597
347
2205
1538
11
229
1102
3815
538
1050
861
2402
3709
1481
3685
3633
1047
3336
3452
2584
1249
2190
2826
1192
1838
3423
774
1996
3022
200
2477
3068
2651
3689
1337
2860
1823
2096
676
3120
2319
1015
842
1784
2790
3176
1492
3078
590
3954
3813
1382
459
1948
2976
3149
2217
2538
2743
877
631
2430
292
2606
2291
3480
2835
981
3523
748
1563
3283
2959
3
110
1913
769
826
3490
69
1203
2283
3117
2437
3386
2735
1835
3523
3852
2550
1799
3998
1342
1420
955
2090
3440
1574
2765
33
3977
2953
3492
3189
3026
473
2142
3761
561
1831
3788
2831
2271
626
3565
2310
1444
1633
42
1672
390
1310
3012
3570
2479
1754
2794
2655
2390
3513
2542
2618
3412
2242
2888
1528
3531
2909
2590
819
3252
3746
574
2581
247
1511
1895
976
2351
1964
2931
3441
596
3229
3489
1663
2308
1175
2713
924
2435
2341
3618
778
1433
1625
644
3896
2952
2332
2317
2999
3197
3949
3461
1862
3488
1781
116
2224
57
2399
1057
2082
1087
1444
3256
3109
2129
2818
262
3934
1399
3406
2040
929
1725
2541
3762
2720
2701
2337
1231
1860
3299
3363
2106
2350
2027
797
1122
3237
3180
2930
2577
2177
314
2606
170
1275
2718
685
2847
188
528
2145
819
1235
3157
901
3370
170
2245
1989
16
2419
2912
1744
1313
2826
3076
90
1388
3606
3596
636
1929
1615
270
3151
1151
1267
1873
2584
2553
870
2795
3952
2130
2576
601
1714
1629
3275
1950
3970
725
1572
2782
2326
3097
629
1073
387
64
2628
2018
2863
3006
2792
3620
691
3362
2895
2574
2713
513
243
2207
2608
1929
1743
2076
1825
949
541
591
3071
1781
223
3231
2655
3984
2476
111
107
3021
3606
2708
993
430
301
493
999
3774
230
1443
3761
3567
2114
755
3760
1137
684
435
2722
387
3326
3323
2156
1139
3989
3072
2425
3463
2935
2077
2429
969
311
1482
2283
1767
639
2464
1055
663
2628
2510
3184
2838
1004
3697
1740
1056
2456
1891
3541
608
1729
589
3006
2126
1788
1210
1437
577
2905
442
1718
1296
1065
711
2600
2508
202
2753
1661
2216
3440
1055
1330
3497
187
2843
2536
2345
1272
2725
636
3229
2159
3600
2878
190
3669
1679
427
3448
3630
1729
1130
3699
1964
218
585
2878
3075
1440
3354
2804
2627
2294
3410
2250
3952
3612
2836
1108
2704
783
2632
1195
3319
293
2296
3098
360
46
1087
3022
2866
1343
2100
2897
3820
3510
1517
2857
2145
1064
1347
2908
1973
2850
1992
1826
767
3821
879
1310
3686
3993
201
174
3086
3584
3510
2889
88
3678
1943
3259
1816
1513
1643
1229
276
2458
297
1048
588
3604
2027
3052
2706
774
3974
2536
50
3608
2696
536
344
1731
3014
2328
3048
733
2171
1622
629
451
445
3804
721
1352
1308
1875
3497
775
3769
1445
2631
1073
1683
1892
1703
483
1104
646
2561
583
362
3469
3187
755
925
2162
2240
1737
1899
3438
1467
1799
1201
1321
180
2085
3902
1942
866
2677
3341
220
1099
692
1742
749
3562
3582
2895
3332
3410
225
1862
2915
65
3863
1184
845
1633
3833
3309
1699
1311
3640
2167
1941
2327
2360
3417
