7072
3935
2215
966
1460
4338
7747
4431
1994
1573
6918
1953
1292
1501
4990
1648
3880
2839
6152
2937
1518
1823
1732
694
1869
4241
1207
3243
4438
5305
1975
7976
5431
2200
4398
4820
1513
7953
5007
4943
6447
7324
3829
4996
5843
1653
2539
3781
129
7240
7471
5057
7281
5722
1151
7008
6610
2793
1610
982
5736
7999
6235
5287
2201
3606
2838
5132
1825
109
1127
3345
3876
2693
7260
220
4776
5092
3857
5932
2198
577
2040
4735
6964
4018
2479
252
7223
7753
973
5405
5282
7995
3939
457
3464
961
132
3002
4069
5699
2292
5686
5443
1243
5399
2631
3069
5870
806
5545
4297
7540
6388
3381
4293
5948
5126
7707
6233
544
4561
5230
6570
7758
2658
4909
7865
6582
3020
431
128
5410
1524
4293
260
3399
2876
5859
6494
607
6778
7584
6640
3857
4601
897
3541
593
6738
477
5886
4909
6834
1603
2931
3309
4031
2279
5837
2678
6001
1193
7956
5033
5679
1449
3680
3787
786
7421
3161
2317
7719
1208
7268
6725
4203
7914
5915
7359
3578
6745
305
5211
5643
5496
6613
3040
2696
638
1382
7800
7087
524
6716
7309
59
639
6516
1184
2072
6597
2484
5826
7413
5233
601
3609
6900
2974
4708
4472
5947
5965
7512
5793
1755
3160
5819
7126
2187
4316
873
7108
2732
130
366
7262
747
2187
4314
7058
6735
4881
3109
6484
1179
505
6256
5149
6803
3546
661
1823
6143
717
4889
5742
2621
2811
2621
6247
1269
2080
3956
4089
741
6161
5984
689
7427
7483
5559
4841
4876
6157
38
6052
1008
6399
2402
746
1369
7068
6677
532
3028
2592
2852
6591
3474
3324
5883
286
2257
7304
874
4173
3821
1182
7727
5210
7164
1577
77
5427
3738
6266
2004
5330
4662
5509
5439
2111
3054
2180
909
261
2063
3905
3166
4679
37
4710
7269
7772
1446
3573
6906
2362
474
3052
225
5382
436
7563
2585
5175
4093
1276
4065
4077
4820
604
2462
7618
1117
3056
5209
5302
5104
1294
2249
4481
5482
232
5457
2546
7747
7204
677
6541
7178
5973
4561
4302
2156
4819
2034
7476
6909
6422
3552
7302
3880
6487
5459
2118
197
107
5343
4050
1371
4516
2747
6206
215
2058
2893
1887
3651
2054
6044
5105
4292
3255
7267
5530
6430
2046
2989
570
6132
230
2808
2864
3319
1328
4002
7964
5378
2042
6916
5843
3089
7880
4995
5698
2232
1931
6633
2444
2692
1649
1861
2666
1923
6383
6590
1568
5826
3807
7486
1264
5997
2847
6615
6677
7645
3437
3764
7886
2909
3202
3949
5177
7212
4925
217
6755
4986
322
814
1133
3544
6752
1495
3305
5872
4265
4309
6071
4281
633
6815
3833
5703
1298
5281
1996
7788
6422
2378
4109
1997
7414
5443
3796
6442
5123
5552
5088
2120
2476
6938
6659
5003
7381
6131
6659
4512
2723
4209
2186
1877
3643
457
542
7425
5019
7652
5749
3491
4234
3827
3127
2195
3589
3394
7013
6093
222
3608
7878
3035
6605
7918
3366
3791
1093
7753
5793
6075
4067
2490
5185
4531
7433
5528
198
1004
2282
7907
5224
1570
2920
7184
4590
6590
4212
3030
622
5429
1719
2550
6915
6128
680
6686
1501
1515
1641
2697
7913
1213
2112
5722
340
7599
2618
5706
4775
5892
2870
2567
1972
4649
3276
1345
7747
3700
844
3794
4086
4660
7257
2699
3550
3848
3181
7945
3963
3913
4282
5411
1302
5705
2960
5325
3267
5150
2572
5426
5603
7638
6744
228
6551
6885
6161
7185
828
4374
7544
2227
1643
2840
3608
5939
7850
3293
4058
2057
3803
509
3104
7348
1425
1695
4938
4781
2895
7147
6784
4388
4235
842
5188
4515
6837
1791
1094
3986
2284
4031
1452
287
2726
6553
3561
925
6674
6678
7698
1439
6748
4693
4981
831
7955
6564
3138
2979
6886
2395
1562
14
679
7640
2466
863
3487
338
110
1416
2060
5332
1755
548
1737
7843
7742
2613
7006
4169
2016
6564
4089
3663
237
1853
7157
7658
7623
6475
2409
112
5296
2638
939
1637
6139
5885
5783
578
7534
5015
5195
4975
1419
7054
7466
5720
4182
4303
1246
1647
406
2243
5188
558
5710
3100
3876
1528
1267
4214
6731
4138
7535
5114
6551
7861
295
5023
2403
5826
2632
845
2236
265
3761
5354
819
4106
5132
1066
4243
3625
3432
4226
7974
5113
76
741
4247
2173
5137
1952
4140
7759
4597
646
1999
1500
4570
6888
5009
6958
3882
584
7104
4854
4842
6577
2123
1035
7962
6569
1656
4003
4089
2541
6462
3601
7868
4169
384
2099
506
3239
7128
7950
7445
7729
1245
2242
3325
2218
5936
6827
375
1461
819
643
4460
4879
4312
6083
2404
1925
2432
3060
6101
3332
5243
3702
2123
4296
2861
6223
5964
2866
7421
6735
7750
147
7197
1067
1935
3832
2460
2887
4904
3402
6183
3137
1544
6026
2315
1664
3784
4288
3081
2266
4291
4213
2103
3832
5422
7710
4831
3100
7244
1498
5152
3575
1892
3261
421
5302
1350
2712
7023
2822
7798
5197
1242
2315
2753
6430
6376
6975
2397
772
119
2236
6803
678
288
2014
3861
4327
4557
4330
2160
2813
4276
2
4133
636
4759
3565
6526
6173
6504
7436
7854
2142
2405
6428
6597
567
6649
7277
6244
7447
2915
4721
7742
7430
2481
4401
6156
1714
4843
1005
2568
2578
7862
6652
5982
5021
5268
6483
1259
50
7148
1924
539
578
4131
2703
7623
2740
601
5215
1046
5249
1651
2922
4292
7568
56
1947
1824
7548
7547
7992
6336
4375
3795
6164
6972
6013
1633
4591
4576
1339
1977
2376
2353
6802
3952
6877
3183
5849
1619
1898
4187
2273
1653
2460
4923
4925
583
877
6169
325
5731
5129
4727
1844
6777
7538
4599
6081
1138
769
1457
1134
7302
5682
1437
7959
2834
7206
2980
7363
1342
5684
1088
6417
2535
7826
6099
7058
2675
4965
5443
7821
5535
6392
3512
4023
6368
6332
4354
1348
6769
6445
5620
2504
110
5841
6392
1410
6475
1401
2853
7285
4069
5626
5690
4757
3649
1316
6232
3288
452
3039
4659
7809
5693
5282
4272
3527
5802
4744
1051
6368
7016
6791
1150
2686
7792
2288
7842
3699
7975
7613
1902
7963
4596
5693
23
1143
1607
4036
5641
3253
5783
4643
2550
2437
7651
5272
5484
6419
3005
3514
3995
3776
1941
2103
2228
1473
5417
6803
5681
6442
4809
1682
3508
1460
3343
5535
7205
6731
2996
1115
1789
2427
519
2842
163
6723
6428
3120
7202
4818
339
2628
4664
6435
1821
5464
596
775
5
6598
6461
3208
1
2353
6753
7539
6611
5353
6932
3370
5352
2858
3615
771
1417
5296
3516
5828
2753
2966
3090
3202
7373
4057
1554
1867
5578
2087
2144
271
3663
296
5449
6232
1001
6269
6571
4220
7858
2910
6853
3096
1007
5881
6559
696
2512
2410
7200
5151
1799
6261
320
5776
2866
3968
3984
7365
3704
4841
287
3065
7006
4028
2220
707
6094
6975
2091
5638
7093
2150
6835
7789
7056
4846
1929
1687
6672
630
4198
5744
5737
420
3467
775
7187
45
4481
1323
6991
6533
6388
309
7849
154
3938
2695
2831
5048
4686
3962
587
2568
4398
6340
5510
616
5195
4300
1502
7256
1219
5606
3372
3852
6605
1838
217
1593
2403
6413
7195
5587
6640
4788
2631
4168
6751
19
7767
4634
4293
2145
171
1331
4896
4290
792
3676
3546
885
2116
7719
7759
7388
3
783
898
5648
229
178
301
2656
5798
383
672
7838
6719
5931
2170
864
6889
7915
672
4025
6903
4574
6590
1939
5334
6815
209
3784
1991
1846
5524
7490
7952
573
2553
668
3840
2545
1497
2648
6262
500
1137
1676
3005
1060
3173
7042
3415
7974
2
4418
5395
3813
5543
169
3372
1537
3609
6929
762
5582
6824
6868
4995
4016
6403
10
6463
6554
1931
2981
3021
5807
3286
5768
2547
1499
6134
3190
4449
601
3764
4578
4463
221
253
6038
221
7889
1741
3089
6123
3998
5792
7503
7551
5705
7774
3478
6407
1437
2101
4936
3866
3204
2576
3297
1285
6615
6438
5170
7736
7428
5815
7094
359
4846
3700
2228
6080
7373
2266
2863
6234
3628
7068
2151
1913
1235
7203
5504
893
3397
1432
4454
3095
3450
4095
1312
751
1254
407
5538
905
1856
3155
4222
6844
7182
3529
67
4181
3339
7634
4356
5295
7454
3106
3207
1842
2648
6174
884
1494
3335
415
5355
6288
5037
3255
1721
5575
3633
4744
6154
1632
4361
5179
5447
7845
3540
4388
3898
4571
1406
6195
3981
3278
3944
5258
1142
4317
3167
1142
1485
271
1527
7247
7528
765
5546
1048
2377
1277
7441
5151
7861
1891
615
3094
2596
4050
5858
2474
217
4725
2051
615
7777
4570
7896
2332
5185
7795
1525
7920
501
6975
5336
6327
7650
3298
2953
7821
1399
3546
6790
4169
1960
6398
324
4340
1535
2395
1271
3780
7907
2450
1519
5687
169
6506
7036
3808
2807
4012
6618
4759
1535
5727
3274
5454
1053
4375
6272
7653
6942
2815
7027
1977
4098
1927
7082
1632
7269
4002
3747
1869
5432
6887
4458
3757
885
3242
1725
803
2786
4920
3443
5554
5079
5120
7400
4945
7632
6029
256
7351
3633
3329
3548
1353
4954
4332
7555
2443
5292
7051
818
7468
1037
2691
5531
7913
1508
1846
6900
6159
4924
7524
6797
855
1740
2610
6205
7551
2811
5942
2105
5680
7792
2027
1135
7601
7475
279
2309
1815
7377
3414
2110
7536
1857
1512
4170
2787
7099
5817
7382
7670
6268
5443
685
1509
4662
1757
3649
4520
6017
5022
3252
676
2437
7694
2097
7612
3079
5135
6853
3801
617
2973
4317
7000
2942
1939
5669
420
5518
5543
2112
583
4153
5799
5816
5054
1519
7350
7347
4596
878
4733
4462
4396
2031
63
2181
865
3828
6156
1774
7866
15
5668
2683
7123
4473
3696
7599
7259
5631
5674
3109
5757
7605
3918
4900
5711
449
1795
3975
5142
2266
3967
104
209
4779
4115
5334
1819
7272
4253
7692
2289
2917
4049
4655
5535
5501
2784
878
3601
7459
6181
1331
1965
5263
80
5650
5853
538
830
4953
7767
7676
3106
3694
4546
2297
6683
2057
1721
5930
5323
4961
4350
3151
2754
6521
2035
7515
1496
1687
3480
7092
432
84
5568
2398
6634
6353
2233
648
1809
4783
2961
4411
3458
2804
1092
2307
4238
3488
555
3304
3637
865
4541
1126
117
5625
722
2964
4098
432
1532
4955
1887
5082
2524
7530
447
3870
1915
396
7472
7923
4733
757
7754
6183
7863
2321
2665
384
6922
2819
2228
4281
857
7565
5321
6695
7089
4282
7971
1000
4788
4172
4789
6017
1857
2955
1347
7568
1414
3810
7155
1786
5345
3958
2355
7969
3751
5761
7834
2180
6058
5368
3965
4684
6036
7759
4480
1746
4309
6148
1948
5664
6540
2181
7996
7166
1990
1593
5135
3572
5290
228
3645
759
6740
4783
5095
5317
7812
3578
6453
3151
899
4204
2857
5396
160
882
3233
1857
6238
4157
6295
738
3492
3050
3834
4665
3278
729
1884
4257
5858
4398
5871
7530
5451
2046
2265
417
5585
7561
5715
6264
1710
1204
4395
3920
3066
4186
6150
1281
3318
2608
4395
5852
7223
3476
6790
2666
2418
593
4409
6082
4279
4721
7039
855
3544
2592
1377
2106
125
5344
6129
2495
3572
975
5185
6027
752
5739
3207
2998
1971
4062
5104
2152
1524
534
1906
1662
221
4056
6576
6228
3788
2826
6710
4247
7171
7489
1347
3880
3842
1346
6463
6038
1154
6116
5969
2030
11
4464
1368
2270
341
2168
4086
7988
5981
1749
376
2549
7397
5369
1187
6319
1890
7462
7141
950
4071
4246
2171
2359
2439
1419
7433
5475
7650
6087
3463
1128
124
5440
2240
1926
3172
4371
7639
911
6251
1159
2618
7661
3837
7776
35
244
4040
1246
1161
3009
1352
6834
7001
7775
4181
2686
5022
2035
6053
7270
1936
7802
2297
4560
7826
139
2472
7524
4383
7162
6699
1637
6663
6341
5829
2993
170
5321
2688
6592
5144
2086
7007
175
157
3274
1865
5499
1272
6913
6986
6410
31
5214
1843
890
4488
6696
2239
2249
3492
4400
5956
2002
5283
7028
3643
6472
2587
6391
1513
4638
3819
6828
3525
6664
973
6013
5096
4725
3431
3519
1714
7150
1103
2611
461
743
838
1350
6987
5781
4271
4650
7646
2973
1651
2382
1777
2349
3397
2455
1484
7997
647
2483
2563
497
3986
7373
4104
5632
2262
5765
656
2918
5930
6952
1424
2821
4092
2761
6936
4927
1664
4163
7756
5753
1553
1008
5868
7427
5117
6732
5780
7216
1655
3503
6543
4028
7733
1710
7635
4023
2310
1312
6325
1491
6839
1193
7251
929
6136
1175
2140
6869
4711
5588
480
2844
3810
4926
6403
3042
4187
3173
4916
1228
5197
6228
7736
754
5052
7048
4435
7496
6858
7281
4756
747
4474
6311
5937
7799
6947
135
2458
1057
481
7906
5709
6744
916
5279
5139
214
2904
6504
3058
2223
3405
1551
6718
672
1901
5651
4279
5948
3972
7152
876
3939
6695
7612
4734
1988
4259
1269
1739
1436
3755
6856
5021
5434
4359
5559
2462
5827
6134
4520
6465
7316
1144
6809
6966
5195
6680
1984
6698
7271
2358
647
7368
2067
2924
7130
4329
3553
1825
4492
3279
4825
6031
4888
5362
5440
609
4718
2741
1971
498
3669
2576
5410
522
4237
7162
2537
4903
104
5121
620
7918
1214
7707
7813
2714
4277
2707
2911
5083
7542
5035
3298
7149
1835
5771
6069
3590
1102
7091
457
2084
5696
7568
6386
7255
1702
295
3951
3664
7169
4643
7040
865
6959
7234
5359
329
3504
6841
5573
7250
765
2764
6375
5784
4256
868
3787
6444
670
1501
5522
316
4792
2092
4169
2974
2074
2195
4713
1295
1542
7455
1390
128
2223
4535
588
1771
4061
5503
5104
3675
7325
6180
4106
7186
507
1323
1043
6119
3112
5793
3707
1401
7128
7432
5958
38
2059
531
1948
2475
4883
4549
5387
1778
5256
6470
7070
6484
3674
2091
7217
201
1574
2679
2598
7797
2853
99
4281
2353
977
6536
7364
2395
4899
161
4897
6530
2498
1017
2654
2151
6149
2244
663
1179
6902
687
7007
282
3348
2559
1454
960
6016
5692
3884
5273
2971
2615
3186
3788
4710
3647
4479
4527
7954
1610
7990
7243
3753
498
7185
507
4061
1882
1999
5485
3187
3164
3534
7093
4543
3274
4977
5154
2712
728
7356
1529
7797
4388
6798
7352
974
3009
1225
7307
1311
6678
2963
190
6611
7997
3169
901
2795
4210
2906
1339
6307
7304
7814
5571
928
2386
4473
7420
7797
4965
6307
4760
7988
7445
224
6074
1603
7516
7775
1393
5574
7304
6434
6659
3431
7278
3624
977
1727
2184
6931
5414
1566
7887
7669
7941
7554
7058
6252
4818
2537
3939
184
285
2274
2994
3650
3133
1339
7531
4571
5046
1749
336
3430
3906
6061
704
4759
7312
6146
6429
5220
1432
166
58
3079
4939
6271
6017
7447
7633
3269
1270
2281
2047
1512
1943
816
1164
4846
1854
7386
7717
7015
4955
695
2916
3381
700
766
1574
7146
241
449
7657
5261
1651
7774
7644
6628
714
7404
5919
4525
3184
3993
2338
7841
5461
3546
7555
4186
3598
3351
3218
2615
4051
5793
3116
3796
4228
3587
1069
6598
7116
7110
3345
6417
3365
4228
398
2839
2606
4086
7569
6334
6270
4418
6388
6214
5123
960
5969
541
1433
7131
2455
2752
5955
5205
6288
566
4148
3904
792
5283
2430
4740
2403
873
4039
1526
3693
2223
3686
7094
695
6713
124
6512
155
7423
1348
3428
3738
7677
7435
6363
3630
1592
2723
5511
4698
1987
6079
4921
5022
3067
6347
1910
2217
1597
2736
4077
1595
2806
1445
2625
1109
58
5376
2150
4751
7009
894
524
6269
844
2722
7554
6946
6922
4104
4901
2771
182
2047
7552
238
1106
2188
5918
6915
4753
104
2587
677
7671
1976
1493
3699
5856
7553
7386
7167
7342
3102
6603
5598
1269
7001
2896
4811
5595
515
7267
6242
6408
2708
2942
1915
3036
2570
916
7769
860
539
5787
1410
7150
2941
1553
4442
5151
6618
7655
1243
1100
5154
989
2369
4963
7651
2864
7882
410
3664
266
7395
367
241
5516
644
164
2075
7631
6851
6749
5745
7274
1147
6631
6871
6553
2
6088
3622
5682
4422
2649
1228
1413
2
4959
5659
1536
5037
1088
7018
1541
4293
645
17
3075
6286
1114
1085
721
6124
3651
2228
5361
5029
5612
3877
6449
4321
5484
7707
4783
2097
2816
1207
6012
4280
4859
1007
1684
4744
4352
4954
5958
4717
2727
6595
5482
781
7630
7510
4438
6596
7240
831
5285
4634
3762
6059
7077
4152
1719
3858
87
526
2690
1428
7036
2976
54
6185
5251
2235
6099
2594
2987
660
519
4173
4775
22
2493
7781
5586
3551
545
2532
2713
2260
1122
7040
7746
5146
159
6883
1839
4260
4194
4926
4030
2719
6916
99
2672
420
3987
7708
4607
1306
1568
5461
7493
2544
7911
4474
1174
743
1726
807
4650
3505
2070
7319
2658
1594
885
941
4505
330
6638
7265
4281
489
7430
6646
7398
4655
3726
2502
7169
7373
2464
6503
3687
1932
5159
3763
2960
7027
4534
7107
7697
5109
807
5644
2492
2068
1085
3029
1387
5987
4127
4794
7910
2738
5442
6121
6551
339
7212
3409
929
1511
545
5433
4391
3893
7220
269
2058
7432
6535
868
3632
561
1284
6723
7596
5564
4710
7667
4369
1306
5794
2094
7058
7455
4124
4267
4849
1479
3810
2823
810
5649
2204
1015
4256
4849
4677
5119
6011
657
3140
2239
5322
2335
5412
1171
4953
6962
1084
2000
1253
4263
7311
6880
3807
7717
5070
95
5371
4045
4880
7419
5186
3816
2139
7888
4641
3824
1323
5968
1328
393
7556
6822
4131
6836
3567
3404
3907
2775
7262
4048
7919
2381
792
5894
4315
2063
6463
6221
7869
6696
4873
1376
957
1406
7129
4011
6350
6444
4610
2091
841
6078
983
3518
5194
3612
6026
416
4969
3949
2598
4483
1439
4967
4248
6445
4827
2319
713
4030
802
4507
5606
1860
7473
7669
2371
5973
7369
2727
4257
609
3357
4875
7528
2806
744
3025
4646
5407
1362
5161
6065
4309
2519
2294
4678
3540
3655
1041
6183
1253
4798
2691
7410
5730
1103
182
1843
225
6166
4346
1355
2022
5242
7932
3920
3478
1510
3281
7225
186
6276
7553
710
1643
731
671
4035
4742
2431
7489
7868
5737
6772
6106
2917
3274
3359
5491
4347
2145
3168
4126
5093
7512
6766
1779
5221
1177
6999
1208
6898
5008
4527
7739
6668
3844
580
3438
7783
7792
6198
1290
1183
4753
1515
5497
5909
3163
1305
5673
2422
3139
6893
3429
6375
3353
2671
7420
2105
859
1681
1541
457
2609
6375
4250
2711
1283
927
1583
4469
1230
7298
7984
5044
1718
792
6758
4201
7029
3412
6216
3135
7243
1529
7037
5800
5054
1505
6799
866
3816
1093
7561
1107
7409
6462
7089
6235
4994
6913
659
7341
5327
5940
4161
1635
2610
6828
7315
3371
5419
7016
4833
3313
3939
3982
190
7897
869
7624
291
2446
5579
3854
6427
6899
1652
3581
6268
3791
5192
7761
7234
5379
3190
2831
3008
5799
6875
554
1552
5196
4226
3968
3453
361
1748
3497
790
2359
6170
7894
2142
7080
7525
3572
6324
4123
7413
7213
2409
4501
2403
6724
7019
6078
7762
2161
2764
3522
4622
5943
7092
1436
2244
1381
1020
44
282
6238
1011
7634
4622
7535
6982
132
4333
5883
4523
4022
2675
189
7941
868
116
5459
3823
4930
726
2585
5329
2987
7985
5651
2658
545
3193
7103
3558
45
70
1501
5259
7920
3010
1270
5740
5299
4654
1358
6006
3283
3726
4489
2883
111
3854
4028
5312
5332
1343
1440
2527
216
1456
5075
6160
7903
6345
6138
1942
5240
5688
5755
6339
1554
2951
2021
1332
4030
4619
1658
7514
1116
776
5592
7929
6845
2116
2208
3106
2116
4082
786
956
5631
6334
7075
3778
64
307
7328
3909
5079
1425
3890
6178
4991
143
3242
2438
4513
7657
2533
3661
5228
7610
6740
4081
1858
2113
5853
4609
23
3320
7451
5001
3307
6028
5729
2451
2424
2637
7076
5739
3412
7546
6132
249
1864
6424
6018
4925
6476
793
3773
3610
524
1389
5640
7897
3342
5479
4217
2492
4793
2169
1060
6203
3574
7510
5707
6083
7866
5260
1354
1826
6866
4955
541
6604
2243
6656
2503
4382
1932
3724
7339
5965
5366
7000
2254
4592
1570
3832
1191
1390
1057
6983
1045
6710
4670
7862
4816
4906
5020
6125
1297
5168
7081
3984
6383
3802
1025
4701
7
1163
6941
3757
6879
191
5333
360
7129
6079
2072
2227
3562
1836
375
265
2899
1493
1038
6761
2794
7132
4726
6438
4752
3428
7766
7172
5738
6731
5191
2711
2438
3757
3811
7372
126
6707
5240
4259
5469
7042
6954
4821
4879
3223
3397
544
6213
481
827
2763
5285
6435
5688
2542
4112
874
3632
2908
2272
4213
3711
5732
6218
7382
4748
6507
363
1045
3759
4452
3439
6409
7202
3395
268
2023
2318
2854
7797
6127
7516
3771
7144
489
2440
430
6809
4309
2272
2315
6386
4781
7235
4555
5083
4442
2247
1382
3059
2423
3573
6410
1110
349
5887
3553
7222
835
5196
7539
6691
527
2693
6654
483
6610
7061
6267
749
7832
3752
4074
3351
829
7318
449
4539
7518
6923
5061
1328
1354
3429
7284
6226
155
1574
7179
7275
3705
5615
6483
1446
5469
2384
7498
5799
2312
1317
6953
6558
4758
1331
4654
7068
3619
3456
3870
7658
5934
5747
374
4300
6039
6219
4835
4317
1519
2122
2933
800
5515
2983
3737
6585
4620
6615
2224
3283
2378
5324
7699
5988
2723
4487
4771
2265
1273
7082
6301
2250
699
7690
2750
1959
5356
5273
5411
5676
6685
1241
3292
4922
5307
872
3572
6563
1548
6845
2886
2540
6844
3441
3356
264
1707
5564
6210
7432
7883
7280
2532
4252
6213
1831
880
26
7599
4873
7629
5327
3013
4014
1935
1126
5015
1082
6763
5043
1532
3034
7401
1001
7823
1983
340
6424
5717
921
6091
4369
3070
6779
6204
4840
3674
5054
4123
265
5482
4684
3042
6159
228
2470
6242
6464
1629
1850
7237
3600
1053
3368
2848
6365
4354
2060
1570
6041
617
6783
56
5636
252
162
2267
4780
1679
1470
6959
1613
5483
7559
1913
6952
4808
4014
7184
7758
5022
382
5231
7045
1531
6684
3695
995
582
1887
6967
596
4536
6140
558
4791
6016
7427
5923
4770
1939
864
32
3582
4204
1314
6485
7273
3283
2284
5199
1602
3772
1932
7087
6195
5657
1627
4037
2392
6360
2644
715
5379
458
5315
3333
836
1880
2849
2492
248
968
1682
220
768
5830
7761
791
6676
1983
6076
3826
6667
479
942
6072
699
5158
5229
3900
4426
6249
6233
3546
3608
1310
7017
48
6055
5329
3569
6994
3972
511
4005
6124
4366
7884
5463
7798
7314
1975
6493
1874
4793
3179
2155
674
2711
2906
4843
3719
2053
5808
7883
5137
4475
2205
7392
5030
6014
160
3551
1219
2929
6767
7309
5475
3720
161
3891
4778
2486
198
2081
7420
2953
2090
7862
622
2192
7797
5927
1561
5299
3645
7740
6513
4699
546
1493
1337
3697
4512
3437
1369
2528
86
2755
7191
5709
94
3511
1780
6781
2369
3711
6943
7282
4983
3596
5396
7426
1477
7053
3081
1157
2562
1777
5897
3412
4150
6712
1215
3203
5182
5771
364
6298
257
7438
4838
5832
664
3545
7761
5062
671
562
1586
7273
7522
945
4790
3281
7791
3313
5459
5486
1768
624
1502
4321
4825
2129
363
375
3222
2709
7616
39
7785
494
674
3583
2144
7315
763
6911
6096
3287
4181
6950
2829
5673
6672
1187
5621
1015
6068
1034
3797
3322
460
5921
2392
1704
6599
2310
2672
2009
6605
2558
2125
758
5456
3026
7892
3964
2699
6139
4078
3094
1586
7024
1128
2357
6359
6634
156
62
4875
7398
2503
7335
1781
7677
6303
3248
4076
6497
539
7759
4071
2794
7885
6279
4227
585
2405
3978
4306
2328
2024
3125
6527
1158
4678
5253
7081
6373
3490
4668
2463
6843
4373
542
4623
935
7823
6070
443
5651
5400
388
923
895
301
3923
4285
2240
1770
5655
1682
6117
4237
3943
5244
2092
1086
7350
7794
1816
988
7264
3083
1097
5316
4401
4246
5199
1033
125
4026
4955
3234
7458
902
3740
2745
2720
6189
7404
245
1665
177
966
6874
5470
1694
4120
475
4890
6770
4860
7796
250
6463
5290
1653
4333
7733
4117
7058
1447
7257
7995
5491
2014
4232
2456
3890
6441
4875
941
2257
2781
5245
1078
7793
3853
6170
5563
387
5176
5673
4085
3558
7671
329
3886
3767
7341
733
343
5949
4274
2551
2005
7544
5865
7150
3263
5738
1567
3000
5893
6237
3665
1320
962
2627
4291
1562
7143
229
1536
7799
6207
5657
2405
5087
4830
2365
2735
7817
3559
4232
2742
7130
1824
1709
7806
7438
6901
5503
4229
3853
102
3449
5344
1327
7052
266
1255
7452
7135
5146
7542
902
5227
7835
2938
3331
3438
917
5486
1876
5453
3121
6333
5213
5210
3986
7832
3545
1277
2126
326
4396
7929
3259
2094
3616
2403
1147
3333
7479
3686
5549
7120
140
2471
6743
579
7764
3153
6523
777
5600
2246
5673
1269
1318
3310
6750
4978
636
679
5774
4300
2204
2374
7632
6154
4232
5288
2697
5496
1693
2423
5081
5931
6359
3431
4865
4396
1597
7104
4643
1958
3844
5436
490
1995
6902
7518
7389
5474
3166
2229
7422
2729
4446
2946
2727
1286
6384
6735
428
6159
6305
7554
5510
2465
872
885
1813
4061
7154
2386
2839
7600
1677
7012
4536
3545
723
4114
4911
3616
2092
3248
2621
7231
4841
4555
1902
3780
6268
2787
822
2974
1597
5566
2133
4345
4510
6132
3965
4143
7522
1247
52
5178
2981
2839
6174
4171
7124
472
6466
2730
2899
6705
6661
6259
6367
7565
5476
335
1991
6513
2632
7
3041
6399
2389
7685
995
6142
1445
1860
6929
7500
3768
3830
85
4498
324
515
6872
4541
1221
5025
2485
1259
272
6543
6154
1808
981
6179
5141
3481
2967
1647
5834
3178
1996
13
6297
118
7486
866
7618
4672
4573
901
410
4872
3621
5459
3232
5113
4473
4935
6472
7963
1450
5474
342
7530
5302
4567
647
545
3512
2751
7138
5409
5915
1905
3655
2780
177
1131
2578
7458
3400
4353
5844
333
6059
7455
2266
60
1789
2546
5073
3390
1218
6347
5206
130
4543
7607
1608
2595
6359
7026
3414
6567
7391
2664
5689
7183
4155
7845
1504
6030
4851
4801
2068
7554
3422
3865
5272
7550
3998
5680
131
4372
3509
920
6964
7909
3045
3898
5994
1077
4811
488
2704
6324
184
4601
7254
6274
5464
2006
2125
4391
5525
3926
7348
1682
3655
2197
6141
812
5655
3190
1806
3466
5738
7281
2044
4031
6346
608
4166
878
188
3149
2982
4552
6843
5630
4106
5832
879
6562
6985
576
917
5455
172
501
3062
5810
5061
7122
5296
6263
4847
4894
3532
4516
7587
207
182
1182
903
4733
4626
7647
5798
2898
598
6097
14
6649
2971
6545
7304
4022
1039
3715
6644
5736
7973
3062
593
7947
2356
1686
4070
7000
986
2067
6265
4802
2522
3423
7875
200
7928
7645
1195
3882
1233
5196
864
1143
7604
304
6840
3691
1177
4354
1281
5439
1116
4571
3327
5270
6647
1734
2087
1232
7074
2458
4320
840
6687
3713
1989
2793
4340
396
7151
6555
3438
6161
3631
7848
1888
4688
6828
2275
3786
1804
5979
651
6305
7691
2110
3863
7264
4808
3798
7465
3325
4639
2588
2221
4103
3585
3192
6990
2636
2140
4438
6164
7172
2826
1440
583
4901
2556
2656
5714
3288
2613
5469
3183
4042
7876
791
3200
4797
1991
7949
3777
745
5132
2940
3950
4613
5041
2800
1699
170
5895
7031
998
950
4732
6653
4013
6761
3947
4183
4987
1459
1367
7064
5636
247
1556
3758
3261
1818
2750
1056
1513
6258
2342
5776
4108
7901
5869
7749
1134
217
5087
2592
7765
4662
3044
1672
2490
1646
2328
1515
1694
4323
1529
5052
6370
6176
5681
304
934
3358
6239
4056
4134
3162
6473
2216
3969
4622
7577
7692
6798
4792
2448
4985
3709
4982
5186
2242
7658
523
1971
1411
7724
1436
161
2452
7301
2903
6039
4077
2881
6333
6983
2257
3135
4684
2821
2677
3620
7589
4495
7087
3169
3686
7093
7812
1898
3106
7719
3311
5273
3207
3779
3698
7
771
293
7408
2275
634
3015
3834
108
7895
4802
2253
2711
7938
4723
7937
944
7787
604
7599
6003
3474
5862
3337
266
7589
3034
7110
6365
6739
2323
6624
5130
953
1752
36
1366
4871
2655
3120
803
1961
2975
7349
1268
5992
6447
5496
1417
6668
2671
3995
2476
4353
6296
7058
5420
4458
5787
1415
1352
1764
7580
3516
3391
699
1455
4429
7216
2341
179
5118
2106
643
6625
6817
1532
5402
7211
2268
1285
6658
4478
619
1903
6326
4320
6082
7503
3073
4608
5459
4553
3416
7909
4906
2713
213
4788
4852
2547
961
4074
7253
1196
7905
4133
4301
236
5590
7981
2226
5691
626
3497
4939
7377
5951
3632
7385
2203
6681
2151
2555
6475
293
4704
4213
7174
4903
4064
5828
5471
2010
2010
4471
5201
4424
3266
5870
7699
2993
5174
4672
6828
7910
1328
3779
6016
4580
5496
5764
3729
5794
1973
3865
1133
5518
1532
5361
1398
2780
1991
1140
925
2752
4862
6367
1323
3184
4458
973
7774
982
254
2433
7880
3277
4878
5794
7134
5108
7214
4714
3897
5208
6439
4525
2027
2143
410
994
6763
7611
1688
3619
4406
1008
3274
848
4592
3449
7946
4323
3330
2057
4724
2646
6387
4575
7465
5814
6427
4738
6357
7373
1799
4180
7863
1423
4039
4869
3597
2410
3971
2928
3908
690
7735
2826
1532
2728
7403
3593
492
1713
4234
1129
3906
2621
5281
2735
3657
2587
4049
5074
3308
7346
465
5916
6601
2525
7696
7275
2335
3628
5677
6292
2301
386
1982
3101
7399
5679
2987
3747
386
6445
533
6221
994
4955
5783
6262
2490
7385
3799
1764
5575
1197
4630
7098
1568
5225
5105
4448
5916
7421
5881
6885
620
1689
6400
1790
986
2850
1304
5710
2259
4147
3937
1518
3878
3437
5989
1239
6800
3487
219
4655
7994
7652
7399
4995
1960
5423
6398
1969
850
900
6294
4985
5631
7529
206
2874
7077
2261
6496
2906
3751
1298
6439
5001
7482
6080
5449
6373
4
2180
4758
5178
4517
4490
6352
982
1360
3065
4503
5075
451
5236
3616
7641
5435
7379
852
692
4787
7392
6871
279
3211
4595
6566
2640
314
3172
4120
5302
4122
5961
4023
7160
2922
3670
3653
5729
6044
4073
4106
5407
7953
1335
5938
5347
1362
6568
5948
5697
1451
3272
7366
2629
2489
6024
3948
4973
6441
5430
577
6303
4681
5095
4542
4927
3262
2658
7007
3730
3958
6003
7987
3093
92
130
6808
6713
418
6762
2572
1770
5196
6006
461
3280
5434
498
3020
7100
5524
6226
3487
2857
7245
4358
6506
3636
7951
4823
6312
678
4164
3647
1002
4364
27
2335
5448
3643
2794
5272
7405
4723
3424
4447
5922
1087
2831
4000
1771
641
2616
351
1947
2341
7868
6139
2878
4596
1327
3058
5650
5914
34
7587
3887
720
401
3661
6951
4446
6466
1170
5185
2973
1831
3547
285
7053
4707
3302
0
456
7587
1807
5338
4851
5396
5836
120
3742
2531
3678
5164
615
7085
7135
6173
7188
4682
5612
5734
1135
741
175
4720
6783
1653
2294
5713
6263
3539
4238
6154
3743
2010
2527
2692
4314
5658
7012
2858
1209
1379
2732
7582
6885
663
4110
129
173
2008
2555
4971
5904
1537
1953
1115
3976
7369
404
2668
1799
533
3872
5562
5289
2326
3787
622
474
334
1115
6589
3290
1528
667
6133
3897
5999
7493
4979
3391
7642
2117
4595
4415
7222
1620
6173
4058
6030
1264
4471
4812
2543
1630
7994
6624
3355
1988
4093
4935
4629
4165
7110
3184
6557
3137
1136
2058
7034
5018
5410
7688
42
4286
3991
112
1572
4339
1319
3906
940
3089
2657
7383
616
1022
6171
6486
2762
5734
2679
2653
3920
4383
2555
2645
4895
6037
4871
7430
7849
7104
7577
1321
3582
5771
1847
6189
568
6600
102
4460
212
5875
7102
3182
6110
152
7582
6213
7595
5419
2949
5250
817
3298
3748
3349
5306
1427
4681
865
4671
3915
6413
1251
5707
7917
3628
2971
651
2335
414
5473
3414
426
6257
7237
2446
6072
4112
3880
5274
1640
7932
935
5692
4145
2645
7329
3517
6827
5930
2386
5444
5059
1067
787
7979
4239
7562
2963
4165
218
1738
2831
3003
5488
200
4445
238
1709
3072
4489
6734
1361
5203
4315
6193
7208
7437
3641
5004
1609
2435
307
2755
3500
2920
4074
6600
4096
7140
3075
426
1859
6882
7784
6796
7760
4982
3567
7440
4762
495
6566
4188
6846
6224
5185
924
1650
2970
7906
7447
1006
6271
1087
2536
6191
7691
1114
3765
307
5627
6469
2660
3494
5604
5548
6577
3975
37
5588
6517
2962
497
3276
1436
7987
5852
1653
5073
5924
4389
347
4679
2565
6540
2227
978
3888
7567
1347
6324
530
6094
3537
6856
7225
5731
3894
58
2640
3842
961
3699
7232
1281
2215
850
6960
6235
5148
1819
4000
457
4166
1597
287
3205
4269
1708
7942
4488
566
4709
5206
1602
2314
4280
1688
4632
7914
6062
3801
6907
2266
5487
7346
4336
6618
6782
5756
6314
5300
3161
7252
365
3081
6790
648
6841
1880
3091
5992
7256
5075
7523
2578
1601
7833
921
4858
7787
937
7645
7925
6403
2384
5010
4514
5382
6967
63
2662
3434
6928
7841
1804
378
3974
4622
2009
187
5058
627
906
346
6222
996
1573
4535
3475
4534
247
4034
1106
3722
6674
4318
3102
2633
480
891
5486
5845
5384
6822
3041
911
7583
2279
5161
1099
6049
3393
7117
6653
5874
4021
6620
7186
5206
3580
330
1144
1763
6009
6592
3161
4743
2720
7574
7611
1169
6045
4248
7910
6296
5623
4900
3804
2429
1516
863
3417
5000
5004
99
5701
5775
6763
5419
5665
5600
1998
1717
3453
4669
1923
4066
3627
803
7302
5773
828
4020
4558
1338
3024
5797
4950
7989
701
5795
6148
5235
7777
317
4687
863
7395
6296
4109
5547
4369
6279
1864
1452
4935
2993
5236
7466
1774
7523
941
1058
5628
7302
4978
1040
409
1015
5884
2210
7242
3346
6162
4441
3915
6167
5524
6481
1934
7926
4517
7107
3555
212
7346
3502
2675
7963
6332
2668
6557
1654
6218
3339
6108
5511
3126
7351
7494
3643
2712
7560
1063
2094
3348
4065
4960
5806
1287
3376
3995
4657
6363
5294
3595
3047
1630
4861
3740
1280
6511
7910
2932
5698
7049
5706
5499
3192
5053
5799
3103
1972
7011
1530
6721
2155
2629
273
2351
972
1634
1402
4718
6661
5194
3004
7629
270
2007
303
2723
4592
3225
7759
2872
3611
3507
509
6426
196
6508
5088
1784
976
3315
535
7646
4044
1027
7707
6407
6179
7765
4156
4615
2796
5990
7039
7741
4545
3391
3071
4811
5003
2312
1627
5790
1086
4483
3440
3513
6578
4348
1819
5074
6001
7538
229
2544
2919
2011
4509
7556
947
417
1654
3348
7140
5820
6795
5917
1510
7237
2916
5436
2534
7033
4495
4896
3089
705
7292
6231
2824
1462
5362
2491
5426
4478
448
7554
5779
1397
4920
4168
5405
1154
1743
3855
7355
7180
5640
4185
1293
3176
2610
1719
7487
1343
4315
3839
7072
4359
5443
4419
665
4402
886
1226
7691
7598
1997
6039
2970
755
3111
4285
6655
1898
6772
5849
5362
4976
386
4812
4556
1657
6625
7047
5746
6195
458
1008
3742
7427
5991
2263
7501
2432
2618
1859
1883
4444
2997
640
7831
1703
2869
2390
7249
261
6857
6924
4448
2925
6182
7148
7606
2745
2945
7075
4607
5254
6719
3606
7883
5127
4898
5572
2893
1557
1499
1137
246
3173
7761
6414
7602
2059
5007
2949
7043
1897
3901
466
6698
828
6473
2907
7488
7271
7736
2659
7904
5207
2716
5821
5048
4733
7062
5691
2091
7566
3863
2714
3279
5673
520
1757
2406
524
382
7277
4735
7905
5896
312
7177
4499
7904
3757
4611
471
4488
3006
559
3875
1201
1181
657
588
1012
140
1051
6017
2500
1811
6769
1546
3228
5129
6577
4055
3537
4561
2788
505
438
4238
4622
626
7647
7170
2253
2082
7596
5912
1000
805
1675
3588
6514
7820
5800
3438
451
6288
960
4519
3551
4482
5609
5934
229
4780
4429
3252
4611
3662
1757
2311
1483
4123
407
3543
3526
6115
7689
224
6754
4861
3646
7359
3158
5099
7
783
6235
7119
7891
3009
2434
1559
4971
5720
6293
6569
1384
6797
4700
7705
2632
4342
6230
2182
6125
6196
1166
58
1881
3602
1621
1933
5570
7004
5680
2935
5979
4443
5612
3654
1517
4524
606
2775
5130
6959
4701
7897
2459
7461
710
6174
1410
5986
2142
2587
2346
6203
4466
2777
2608
2524
7990
4613
5084
5776
1685
1069
17
1664
789
4110
1080
6092
2070
4792
6589
831
1051
4739
1005
6817
5452
4498
6162
3369
6929
3682
7055
2636
6232
3184
6729
2029
3837
6968
3830
1164
1895
1336
372
5870
5843
7740
3033
1031
7952
3281
4563
6419
2457
684
3637
4744
5780
1898
5165
5815
2073
3862
7088
477
2066
3865
6349
1125
1486
5606
1367
7168
4713
1667
2237
6027
2690
5200
3521
4617
7136
896
1506
1792
2756
5189
1650
3849
7113
6714
2249
6160
5208
4225
3283
5836
3897
7584
535
5942
7979
4964
7567
3560
5658
5378
5241
4946
3136
3672
7216
6997
7977
4471
1613
6487
7993
1586
5879
332
6024
1031
3130
2493
7409
7604
1830
5578
5683
5702
2374
7382
6624
5289
5721
1453
4602
3957
3067
1764
3237
4098
4264
2765
1458
1091
3030
3005
1177
7874
3315
7754
2989
5588
3291
1667
1730
1626
5449
7706
6553
7964
5570
831
1748
809
6674
3608
3926
4891
5171
5698
3828
1976
5871
2731
5614
5988
5807
5678
1158
1993
4876
7272
6212
3082
7346
1651
4286
755
2775
4155
1831
3551
214
7811
4768
188
5585
5040
7767
3792
6935
1539
5645
2485
1989
3360
1235
645
2032
3101
2333
6937
3207
5917
7154
6025
6918
3033
968
3410
558
5902
2203
5639
2337
6065
794
3648
5597
5671
2465
1016
837
5898
2473
2463
3825
7212
4418
4081
1752
5032
4776
1738
1657
7085
3887
4895
7703
844
7294
3375
5958
2004
2157
6233
1503
4093
4439
4429
1226
6899
3853
6782
1999
6937
4776
5140
1371
6074
2337
912
6527
463
3806
3876
497
685
604
6739
4430
7894
4330
3515
7530
6293
197
5484
652
7164
7394
3770
2747
1590
3636
3801
3428
5345
6811
5863
5342
3469
6875
3934
6780
3320
1683
916
7056
4914
876
4536
4742
6707
6152
505
1092
3898
3288
3994
2186
6862
5660
7945
6696
7055
6005
7384
4458
4360
5640
3061
2177
3645
2848
716
3378
3581
5624
5837
219
1591
2792
3556
387
6940
5639
4143
4890
6435
3690
4464
4294
7389
409
1230
3943
5207
5877
377
7318
6390
5039
7824
6105
3017
7179
7001
2017
3924
1137
7511
7363
4011
2707
5419
6907
1240
3534
2668
6752
1376
2294
2185
6580
3557
7925
7477
878
888
4586
6210
6649
5341
5480
4360
14
6572
5132
6557
5174
3859
6582
3898
7385
381
1227
5760
657
5048
4188
4184
4153
4890
5895
5909
5725
3510
6698
3825
516
7576
6854
4163
1885
7029
4500
6553
7341
3880
6867
4751
2780
1874
185
7858
6940
4381
4515
2366
3193
7277
2496
1283
5456
7519
1284
2648
5947
6383
6945
4105
4900
1258
1885
6794
836
7679
3933
4422
5980
2295
2805
1804
6800
3227
5807
103
19
5584
6288
3225
1268
458
2491
3935
2954
7986
858
632
2605
4625
7813
2872
7987
2058
7103
4389
6554
3027
3050
5765
4563
2607
7967
1038
1387
7841
3370
6600
7608
4971
1084
4288
156
6386
5306
3136
4241
5107
780
1708
7235
6565
318
6030
2811
2753
3356
5843
3062
6597
151
2046
4137
3711
1384
800
2195
4882
1191
2624
3823
2808
2493
4834
611
1840
2944
2240
986
1760
4595
4483
7213
6394
6234
4464
5615
6139
7971
3069
1991
6154
4939
2997
4775
2803
3658
3832
7382
1414
1930
2304
5389
4452
4978
6192
3287
3203
6233
467
6461
2946
1571
4675
4544
892
315
5012
594
6156
68
6032
2603
7048
1540
2839
2399
4056
4236
4151
2888
5086
5375
2840
6229
7624
2989
920
2217
4770
5322
1243
553
1691
5273
2450
2644
3706
1697
473
4594
1685
2427
3092
137
4644
7053
3885
1240
4561
7808
5033
7206
6676
2209
7795
5799
875
6297
2696
801
3113
6401
3774
5763
1548
4111
1932
7633
1149
3498
351
5489
6400
6880
5552
1873
7591
5219
6538
7112
6295
6121
5228
2014
7259
7437
3237
7218
1979
410
3216
844
7731
5465
6846
2450
4666
4278
7747
3094
605
5211
2557
2081
137
1852
5901
2210
2516
7738
4420
3724
1559
3121
7230
2236
7338
41
1147
2568
7063
3585
7290
3115
4090
7394
3419
2183
6344
7316
3322
7474
5591
83
4719
5305
2315
5914
5242
5024
7274
5307
5419
1628
5113
4685
3327
4294
2497
1997
2925
6996
3049
2141
2227
5230
3243
4201
3029
9
7285
3493
1015
3480
1678
1888
6403
233
4833
2491
4442
3512
3106
1580
6541
3896
416
3350
956
4309
908
708
6434
4769
341
6043
6682
2138
117
1374
7331
7620
5608
6201
1863
4480
6554
5478
350
1262
2901
1555
2949
7296
3778
2889
7237
6857
293
1863
5693
7342
6657
1026
6058
6118
3055
1568
4197
4170
5872
1038
2670
5669
3060
4175
157
2020
3022
712
7535
704
4555
2305
741
7981
925
4720
7358
4016
2225
2611
1340
6509
5053
7267
795
3306
3990
7235
1453
1846
1972
4098
2435
816
3868
6567
2841
161
5359
1763
4992
373
6156
4394
5735
390
3744
443
6966
7068
2281
379
4814
4120
1690
5962
3547
759
7755
5506
3452
7815
3926
792
4188
6724
1257
2509
773
7953
7495
6387
3721
2372
5398
4347
3738
5482
7867
7402
6777
7972
509
534
7959
4834
5098
4764
487
4238
6630
7066
7400
2400
3968
5935
1598
2673
5577
609
6581
5229
1508
7340
5027
5320
5767
982
3171
3018
1328
7840
2248
2877
5486
4561
2344
4541
7031
2454
7805
210
3609
7331
1491
1072
4736
1478
7277
2191
6656
2609
6557
7579
7854
4031
1021
7665
4133
4032
619
5564
6282
5400
7453
792
636
6714
5561
4377
553
7554
464
6390
926
1868
3803
7934
7703
360
7559
4899
698
945
5817
6517
6047
4356
2436
4636
6860
2425
7523
3308
1451
3274
5929
7468
1756
6387
2207
4510
6201
2305
6280
2883
5977
3502
5959
4042
93
7283
7258
3189
6277
5277
2352
308
2459
2652
7342
3558
2450
1861
845
7372
3259
6113
2312
2008
5500
7868
3696
3881
7631
7500
7869
6944
1166
7979
3048
2099
4811
5919
5088
561
7460
2198
6557
1019
856
6702
6457
1588
1294
4418
7877
312
1066
6332
6177
4305
2057
7241
5089
4078
789
3566
7944
7472
6266
5808
5272
58
5952
473
3205
4651
5260
5830
3129
3858
971
4982
6739
1731
4706
317
1241
1557
5564
3340
2043
5224
6124
1609
5924
2128
3365
4126
5030
5130
1839
326
941
2595
5929
3223
2019
352
24
4390
5678
748
188
3041
2394
250
5580
5574
2597
7949
2338
7155
2050
3896
4410
3805
7550
6983
7036
3615
5072
2129
5585
7866
5742
1430
3351
5209
7192
3525
6851
2965
4562
2211
7380
2175
3743
4447
5668
7956
3991
556
6374
196
4230
554
7246
6055
7589
5208
6186
6403
2965
5938
7141
7739
2097
3691
6339
940
3671
3669
7828
838
3262
7543
5343
7717
2762
4304
3845
1822
3652
5808
2355
5549
3192
3559
2425
884
6759
7061
1433
3096
5670
5254
1582
7738
5372
1403
1112
5374
6801
7941
2043
2368
5479
6412
5408
6957
2127
2517
2154
3532
1430
2886
1591
828
6321
6220
5448
4591
5335
3287
1663
3989
973
2408
3017
2940
1037
288
6398
2322
2867
4545
657
6011
903
5195
1896
7474
2552
6344
6967
4943
7603
5677
3676
1975
6836
1117
5120
2516
7799
5746
5850
7009
1299
5567
4358
493
4192
6139
6588
4677
2311
370
7951
347
986
5680
2557
1215
5140
1134
3922
4683
6801
5650
2894
7632
240
6125
593
3180
212
7728
6982
7313
4938
7617
2180
5462
2977
2234
4368
4475
7653
1039
3812
5870
3181
6318
1906
4674
4429
22
5598
4190
5808
6196
3288
2945
6033
6506
1978
2569
6310
5002
2072
2238
4473
4210
4989
937
6866
4530
4919
1423
6147
1679
4218
3464
4860
5081
6968
5176
1572
4734
239
5633
4097
5806
530
5574
2553
6668
7917
5682
3118
2436
7662
2527
3872
7712
6143
394
7686
909
1482
301
6284
670
3934
6364
3415
5397
6223
5832
6055
4835
7411
6556
1182
7730
4067
2037
184
6779
1970
6535
5422
2215
4241
4108
1204
4205
3061
116
4822
30
314
6133
3511
4916
702
344
1912
6226
2850
1395
858
1837
4061
3691
6746
5196
3538
2663
4562
3364
4492
6472
5760
343
4252
2092
6113
693
7243
714
140
7900
1664
5346
2574
7301
3100
7114
6921
5078
164
5016
2126
1181
2893
970
7792
6353
6549
5442
1592
3939
3364
2147
5898
3037
3156
5732
3586
6390
5797
7450
5686
6095
1905
4719
3771
5757
3074
1374
1124
651
4472
2029
797
6045
3339
6107
2788
3740
5467
6100
4300
4097
3528
7813
5665
673
2600
2504
4077
2396
1137
860
6284
2337
6530
2487
4121
957
6937
1976
804
5763
1278
671
1029
2109
1785
2212
3719
4204
2931
5116
1562
776
437
464
5534
7339
4008
1804
6121
2246
6923
44
999
4572
1272
3903
2057
3400
4111
3852
2795
7735
1051
2202
398
7794
2764
2928
805
3969
2015
6205
5975
6876
6144
3801
3504
7040
3161
5787
2736
475
6019
2913
1554
4637
5910
4991
7352
495
3014
364
6101
3551
2086
1404
3856
6265
3517
862
2932
2196
6545
3244
6052
3127
6639
2763
7411
7895
6418
3966
7721
1225
4554
18
7628
7266
7623
7311
563
4364
1698
5880
6891
4748
5055
5010
5916
5398
7044
2914
5359
7126
3634
921
898
7811
1151
588
3585
3146
2823
3523
1102
824
3329
5615
885
7684
7936
1187
4382
7393
1252
3978
4866
6270
3706
4330
5222
1026
5032
6017
880
6360
7610
785
2883
7095
7323
7991
4120
7217
957
5553
7697
4544
306
4145
3001
1674
2738
5110
837
321
1163
2964
125
235
693
5321
4338
4608
6329
2061
7650
3350
4388
2907
1699
3664
5777
5859
3582
4489
3962
7511
2288
643
6774
1655
976
5377
1431
1013
1820
6760
6278
1686
7711
1243
1022
2598
6509
4626
2025
1618
5980
541
1178
4316
3986
7042
5582
7653
4730
6606
2974
7799
6785
976
7111
2400
7244
7484
2025
1692
3223
568
7744
5685
3423
7220
1796
6250
3478
7935
3694
1302
2982
1819
1398
4272
1535
825
7725
4360
7589
1825
7171
762
2000
3391
590
6556
1125
6892
6997
552
4280
2370
7535
2827
6027
6466
2650
1903
7070
4502
7377
2374
1743
4845
2958
7227
3626
2967
5037
3133
6609
4296
6946
4931
1791
7234
7414
6733
5625
5311
2435
861
768
4211
2803
4253
