15168
5768
11177
5215
11721
4930
675
9650
8234
3365
5832
12526
2870
4585
14962
219
14352
1179
10756
9807
11930
7181
11479
56
9943
10321
15134
12181
12276
5765
6454
5561
10056
12960
103
2632
5608
437
5392
11972
2987
4389
6284
13122
3443
7842
3715
513
5918
6605
2062
679
11736
1180
4996
12359
2030
3391
13122
10723
6031
15491
13434
5241
4342
6389
4221
6167
10076
2492
10621
2537
12641
5538
11573
12635
10659
12726
2459
7388
2439
14666
6554
13449
7062
7037
11136
15811
12602
4751
12428
8613
10600
3576
12065
14810
11055
13259
8444
9643
4170
4075
5914
968
2541
6908
131
389
9613
14798
6917
1297
10611
14343
166
9066
3559
14661
9006
2322
4104
7611
9888
2628
6054
13554
8676
8557
6256
10249
11261
11505
474
10814
7922
5493
5937
928
5504
5398
14151
15882
13407
9368
7581
9681
2252
1812
5119
9527
15561
13654
13114
10675
4448
6563
14587
6922
2399
621
10739
13301
6144
10449
9771
6135
3956
8849
2866
2342
5038
164
15722
9742
7823
8258
6710
6223
15158
10899
5480
5923
4253
13702
4197
5086
6760
10297
10601
12071
7246
2876
4637
7823
11113
31
725
10591
5807
6460
713
488
5567
6600
2688
2277
11873
7436
11986
2194
7767
5092
9072
13408
11523
4807
3391
15285
6815
1725
14747
3550
14694
1883
7391
12104
1198
15677
7548
1298
6230
14604
380
433
9557
219
9233
15104
12005
9824
6096
350
6396
4211
8656
5034
5089
8550
2397
14023
8190
4383
3224
8094
8934
1517
14286
4575
10576
12423
4723
2673
6001
12520
10521
4657
6593
2202
4305
12869
15297
14350
15458
2840
12405
13087
4526
3821
5579
12507
3880
4856
11269
4456
9160
4352
4874
712
4504
8386
2904
3328
3234
15184
3449
8398
5999
759
5749
4614
10467
4393
8527
14479
14072
5192
2807
13960
14028
12668
14488
7947
14485
4699
1684
2570
12799
6725
4059
2557
4244
13307
1600
5810
4464
6422
9688
5122
4287
11457
5213
2310
1457
9797
9370
12817
8966
8283
7974
15850
9281
8006
7451
11985
2975
10815
5467
10721
7012
15601
11131
15987
3866
12981
9312
3233
3491
8047
5261
2395
6398
6918
5074
11320
13963
5959
5342
15545
13045
10262
469
9743
4079
5832
1780
10158
4930
5974
1305
7654
2116
5959
3584
8213
10952
12372
3718
3298
2483
11421
595
11862
4991
10478
5204
12114
4092
13455
13637
1908
5571
698
371
1210
1767
11441
6412
12570
15286
14543
15489
8913
2893
5510
2699
700
8467
1549
5522
5775
9274
3445
3354
12139
995
10269
10017
610
13540
2594
601
4683
11710
15382
2261
1425
13000
14329
15539
1644
3467
6120
12124
5307
3990
6269
15997
14698
4818
9787
5530
679
15446
7233
8191
13398
4163
5324
2226
6970
12336
8530
14444
14766
912
6788
5237
10434
15034
2008
1624
2302
1511
789
6667
7534
3648
14287
9509
7751
13876
7818
13568
7423
2859
13477
13514
7155
10470
6632
6054
15786
15443
13932
11247
4425
930
251
4754
15452
3567
14681
15739
3944
9644
13508
15601
9420
12824
8279
13752
5354
7406
8831
8770
4142
6320
3173
3256
7332
12707
9304
13388
1587
318
13858
8200
9552
2798
218
1047
8607
13070
10689
5751
9283
11312
5608
13185
4602
15533
2256
1097
9546
11347
14940
10275
15895
5172
7045
13275
14256
7475
1357
10613
1447
412
6915
4787
7647
11472
11917
6041
1327
5389
14038
9342
6460
11399
566
7285
14853
7648
8559
4846
13980
10483
4605
4038
5851
12581
10819
9884
8819
10881
14251
4586
14602
12662
5484
5416
15601
3976
6482
15547
8410
8241
13978
9482
14549
12424
6336
2022
5974
1903
4333
9698
7395
2734
14912
10897
4176
5258
8832
5143
1449
15375
11914
8893
3646
607
11918
4278
15945
15543
1372
11278
13958
9916
1742
5666
9563
12639
7566
1380
2331
5732
3902
4965
15747
14116
7649
10973
10731
10521
13303
4254
9574
15444
2971
5714
1743
14289
11574
6082
2275
15953
13450
6455
2425
15022
13408
12366
11090
10966
4203
15387
7921
876
9078
8204
3933
14790
3296
9517
4915
7722
15975
3603
6435
8911
1427
13485
12725
10589
13391
15822
3464
2986
4744
546
10931
9262
11215
15679
15794
5724
10137
6085
11137
5395
13235
5003
15517
2738
13582
13100
7157
11482
9413
13636
4010
15841
2406
1805
3634
4390
15791
742
337
14091
335
1529
4939
5478
827
14403
3830
3416
5974
9040
3756
6723
1869
9281
13731
4803
6540
803
9460
15699
5826
1459
7229
7644
6868
1175
9444
11047
13256
12814
12308
11914
12055
15247
14970
3462
4224
6999
7869
4516
13650
11513
3224
1940
2854
4022
15024
9350
5908
12296
3156
2769
4052
2173
6974
5663
9872
15346
12214
8754
14586
7284
12026
15806
3534
14116
6196
12454
14822
7302
258
10929
8459
12093
9317
3662
11039
15807
9702
13526
1567
15129
10797
13188
10124
2914
11277
15119
11078
8651
10482
2383
14593
32
5401
9412
10347
13183
9284
14890
5572
15090
3226
1565
2705
11926
9571
2038
6196
3882
5468
9849
11863
10869
15826
2647
10217
6532
8442
1177
10162
10197
8053
7582
2553
15274
12240
9164
12363
11837
10317
8767
10934
6964
6131
11789
5272
11076
1812
14809
3930
5678
1924
2623
10852
12989
15784
11604
2105
4904
8263
6470
14651
10183
3763
6704
12908
4195
6900
10217
2998
14801
6326
12984
1680
14826
3033
15347
12902
2975
11800
12478
6306
5839
2034
5594
9639
11882
978
8890
1449
11603
4970
15299
8935
2765
13125
10612
11614
2708
14169
6196
3919
3092
1686
6346
12882
1153
8394
6006
13756
3889
12648
15571
4547
4762
1832
1827
9862
6820
1917
2538
14973
13044
1113
489
10540
12704
1048
12523
1822
3105
11436
15852
5862
6166
9642
14464
5543
9773
5959
9719
340
599
203
13120
4205
141
2889
6969
8568
69
2601
9389
14690
8078
13563
5915
1239
15349
10780
9237
14467
11803
1271
1838
2131
11426
7824
7347
11800
4236
3698
7040
5229
2749
8875
1980
999
1793
6052
8826
3972
14983
15122
15223
2435
2846
775
11859
9507
9509
1474
14423
11706
1708
9466
13342
13341
6093
479
1227
3937
13122
12764
14685
11814
70
18
898
5365
2037
13297
9
6604
8841
6410
6657
174
1953
8083
2911
10272
6031
8021
7338
7951
15207
12078
15055
5156
14731
6005
493
7530
2447
15165
3676
1817
12179
10404
14049
8354
4994
1408
1933
10512
2768
9142
4719
2958
5989
15579
7198
5319
7083
7166
8568
9410
3104
9710
4787
11359
13459
8045
11337
10907
2442
12868
14376
4383
5203
11564
1838
5605
5395
15859
835
13172
7322
15977
11818
4384
8991
4650
10054
10452
3973
10342
11104
8304
15884
2311
10113
7341
15929
1266
11478
12019
12025
2758
9390
2176
3277
5332
2073
14673
13834
6878
492
11350
5451
15609
13791
10130
7488
8461
4844
6449
13516
7054
15927
8061
944
3221
14378
11190
7309
6296
4777
15063
9713
15008
14917
9572
12667
13326
12764
4158
7427
4438
7434
1336
14331
4299
12545
6502
8698
11123
2584
8603
3323
2261
4222
6082
383
8157
12761
4853
7062
4588
6486
5283
10747
4714
9755
10378
7668
9831
6140
6717
4396
457
9465
15175
11668
7605
5441
7241
9326
528
14014
8813
5551
4273
4489
10386
299
1138
9262
7103
14334
10476
8213
13664
10927
13076
15079
4726
6158
864
1352
12601
11369
4847
641
5207
9272
1237
11970
5073
13049
15242
3414
10141
6427
2324
14470
12885
3298
7029
14920
6186
3900
12481
15335
1358
11289
9481
9367
11114
14963
5437
3785
14700
1502
12848
12758
8959
12693
6071
11499
2025
15977
5403
10490
3230
8352
8456
2072
8340
10081
11814
8327
11663
9132
10012
7314
151
3547
2641
8548
12796
7409
1650
1265
15880
786
3160
9598
5966
12014
4283
1716
14450
4106
10313
7740
5207
5363
1299
15853
1257
326
8238
11406
2856
2253
6776
13082
3297
5063
15935
14752
14278
11542
6488
15905
13586
4646
6003
1834
11540
348
2544
4579
11664
5566
3762
7673
2490
2733
12765
7105
1110
1011
8093
6305
14364
14788
8774
12255
12110
4424
4714
15581
11855
10889
13569
676
7665
3153
12310
11052
14871
9927
2927
15394
10676
6657
10237
8356
11464
9012
13809
10198
15836
13661
4212
12872
1173
880
5619
8867
1611
4469
5685
11396
3914
12902
11999
9860
9397
11193
2060
7864
6214
885
10802
6786
4628
7806
15135
13805
2887
13360
1816
2732
2811
3474
14857
7053
7747
15961
9433
12294
1753
8530
8226
7337
4922
13199
14559
6293
1389
5564
7116
3609
8890
6227
7891
14601
7573
656
14622
7155
3497
9974
7756
15812
8953
6104
7571
6248
11618
5873
14357
4586
12522
10812
8674
15250
14850
12504
10964
3101
6205
3747
14974
4136
10530
7339
8306
10106
1832
9604
8884
602
5145
12870
12156
2281
3937
6830
1567
307
129
12376
9046
2601
3300
10389
1395
8462
11736
6082
13706
9527
12812
5591
7913
5104
12328
10656
1735
7566
14682
5937
10469
15631
1731
7578
1269
9859
1321
14023
14658
13692
7920
5699
1676
15058
9719
2420
11444
7390
8632
5982
4772
3002
2787
1724
9584
11697
7089
4003
3842
6958
4583
10389
15641
8090
8944
12978
3911
12165
15590
14524
1995
13761
13151
5800
6073
9537
14556
3924
15723
14507
8908
14725
779
2150
12011
11244
2602
5639
8101
12282
5389
12050
11790
9034
10827
12381
13688
4228
4662
8580
11079
4843
3187
11213
12137
1374
14829
183
5329
4859
4922
6736
390
7332
5234
7804
6542
7650
2155
4160
11949
10767
2495
10607
4477
11600
8480
12102
8037
11275
15107
9958
10870
3209
11641
5195
2179
15603
6219
11659
14676
1428
3032
5955
10851
14518
13106
7322
2155
8431
3680
15818
11353
890
2443
3191
9319
15726
3207
727
12559
10190
5820
15391
7111
7640
653
7617
14182
2961
5492
4022
3359
1451
3609
12613
13600
14127
5534
638
11977
2802
6586
2574
12879
2007
15356
7586
771
10085
9977
685
1177
11211
4924
7610
10861
7959
8243
1630
811
15042
7536
9248
4988
4356
14306
13947
12970
10254
3846
6295
6776
5155
6590
3732
12955
557
11984
4878
5820
8525
3522
10780
15089
9749
13880
3995
12964
5177
12186
7555
4047
5999
14980
9663
1424
3840
5870
5905
4486
8818
5504
6781
6109
192
1582
14586
11803
5008
15169
12433
5361
9932
12118
10350
2892
13900
14637
2871
15389
15995
11486
5660
7828
9203
10548
221
2537
15871
11972
10198
3809
12462
949
4522
1937
2147
789
15100
10278
9554
2088
1382
15739
14644
2693
12013
1920
12373
7478
7642
10278
7285
2670
7160
10933
11252
5248
12735
6569
2702
6786
15959
6524
7434
2074
14587
15346
11906
13642
2209
10450
5919
4593
6880
1369
14219
6545
3892
8749
6609
7480
9751
7457
6944
12360
7732
7318
2766
9000
4454
12294
5462
10382
3819
10663
702
15043
7473
9147
3875
10889
364
438
14350
87
7063
6268
1330
1974
3421
263
5382
9113
10464
2999
14916
887
6965
2181
8887
11441
13326
11867
4189
3708
864
9651
5841
11750
14292
5571
14789
1344
1545
6364
11453
6700
10148
15727
6059
9180
7058
13858
15711
8201
6624
2947
15052
10282
15211
4915
12070
7832
5456
704
1907
8521
378
6616
6945
10848
5087
11883
2889
15797
7369
931
3688
3315
8464
3361
185
2254
3836
13212
15914
4060
13370
6454
279
15665
6930
11164
13784
14046
5285
9473
1056
1865
402
4922
12243
3361
327
6780
9244
12909
15881
8617
6387
4147
13030
12141
4591
10878
11356
10243
3598
12545
8454
6794
3510
3347
3374
1170
9812
389
13781
11110
12272
5986
4032
9377
15781
10436
3322
2575
12268
3655
1412
7966
10924
11280
13675
14336
9614
9181
12921
10507
10262
14679
5937
806
6121
8958
15676
8413
12435
423
8856
10463
11943
2976
2883
2531
5274
11481
15292
10102
12415
5632
11629
14062
1262
9650
1782
5717
13952
15749
3192
2402
12910
8090
11571
3151
1809
3708
12307
3618
9402
14716
2801
13565
7136
9381
9699
453
12621
11758
777
14335
8343
6633
6337
5043
8626
10342
129
14504
14165
4152
2790
4268
14177
15742
10834
343
1567
14530
10879
8858
4946
8288
11192
2937
745
13410
15749
15353
915
7588
6225
8589
10476
6623
14089
9631
12919
7389
6850
11977
6204
8309
7195
3446
9132
14679
3861
713
8685
10442
1794
8645
12052
8280
11714
14033
3406
6709
4668
7175
4122
6006
7310
8847
8942
4215
772
2380
986
5801
7585
14844
981
10117
9164
4441
2357
9242
5603
5926
1974
5088
12882
8684
14671
4626
3554
631
15622
9936
3633
2215
4478
9103
4718
4011
13149
1731
3759
2793
1628
1710
7385
5462
7638
10904
13547
15888
6405
342
11512
12350
13590
11125
15937
13655
12467
1346
12215
10619
14212
601
10767
9499
13167
9994
10339
15626
11350
11922
10518
188
8643
15395
12316
2616
14741
15032
13127
15363
15129
4576
6014
6166
11035
10541
8930
13202
762
3577
13588
11616
11991
4875
13151
15148
9267
3120
9085
7236
13696
10306
477
2229
12098
10312
15743
3755
12211
7552
6793
12933
11765
15937
1056
9421
7035
13389
14627
2899
7981
2299
6833
9265
14466
3470
2723
9212
1503
9564
5523
5991
5009
13459
13802
353
3472
6368
14347
5695
4168
3094
13660
1869
5290
3275
11161
5038
6089
6311
5085
2067
8594
2380
6367
6787
10530
7000
15518
2496
455
11814
10860
10985
4258
5535
299
4616
9710
10573
12339
15348
2895
15931
12925
46
10194
6375
8481
3364
6912
13808
12778
2048
14293
1359
15927
3749
13818
8658
11912
2523
14551
12674
7861
8504
13523
251
4120
4610
10808
7973
3969
10252
3087
12826
11830
249
14854
4321
12108
11521
12735
5250
9372
2381
3454
13488
15065
553
5697
3273
1464
11491
15479
9627
3394
11438
12688
4691
900
3202
7453
3316
15774
954
5443
12348
11186
13114
3089
8499
15195
9914
9285
14094
6754
10966
12413
11320
12825
1347
8663
12723
10020
9732
8520
2391
13011
14136
4535
10390
3825
12234
6666
4160
9988
10158
2256
10189
9944
4422
1778
4448
185
9239
450
3792
6693
9764
10168
9867
6235
15386
4794
8347
8495
2314
7218
13772
7282
839
2967
12294
8639
9697
9329
6690
3784
1777
10976
12513
4909
4801
12786
10383
14926
1455
6723
7841
12099
14430
1165
8200
996
5348
3434
10587
12377
10250
3072
2946
12749
6302
14532
9066
9027
15918
14545
12300
6821
7330
7982
11120
12396
14458
3523
14410
1591
6705
12322
8233
523
962
15013
13019
3123
4581
11156
8835
15526
12415
10681
8001
11984
8684
9303
760
9489
1349
14900
11054
1181
3671
2696
9241
4949
877
11978
1953
8403
9851
12753
6171
6557
13413
542
5438
5228
8405
12223
9245
6378
5904
7575
4299
9824
10626
5564
12258
2757
10448
10824
14167
6893
3220
10422
13919
9077
13463
1290
13624
1153
4087
4811
2993
15605
12450
2872
5317
6209
7537
15130
8006
10637
15069
5799
14068
2038
6923
13560
648
8461
324
13451
9966
10184
5991
7693
4397
5442
12625
2995
15209
5135
10118
2434
13528
13871
13997
6564
11548
6639
9251
6125
8006
15297
11197
10233
5817
5763
1888
5629
14757
7541
915
14976
380
7792
6796
8701
12651
11664
8240
5079
10443
1826
3081
11922
5977
962
6801
14433
12653
15756
4500
1006
11132
696
11542
4236
12906
13098
14286
10862
12927
9266
5370
6551
3103
13192
4108
9036
81
6297
6827
7350
7713
100
8220
2012
3679
3300
8338
10748
8879
859
9729
3
5464
12974
12067
11689
2928
15616
5662
64
13679
4097
5584
5556
9313
25
13154
10417
4738
3489
12623
13977
1693
8171
873
15313
9883
15579
11920
13117
6199
111
3538
8998
712
6950
7021
14745
12713
301
11315
10276
4707
6111
15366
460
15693
2094
14844
4709
8954
13103
13777
6634
12145
353
10595
10159
3829
5893
12393
10345
9594
11606
567
11424
300
472
6408
2553
6265
5707
5043
6672
13638
9974
4954
15218
7182
7623
13658
4874
8333
8184
2719
6637
1106
7005
11855
8889
1881
12574
572
7902
14600
15827
10553
522
12090
5352
1138
8823
8625
12840
14011
5659
4158
15501
12808
8678
14542
1563
9679
14015
618
1838
5964
3705
637
943
6983
390
6100
9350
274
1923
12468
4833
12843
14793
9358
7701
4486
1278
10996
2497
7287
7955
2665
10721
2069
5087
8123
12169
9935
13172
13367
4659
9032
6155
10743
8028
720
8426
13280
10948
6564
13654
11185
3730
6505
2645
3763
1656
7301
1263
7839
8126
3374
10901
154
15700
700
9765
13145
11754
4262
721
7683
4299
12734
14139
13252
9120
13650
2506
7199
15747
3363
12190
12978
8706
9900
1027
4982
12354
14213
10184
15732
11063
4239
6476
3301
1979
7388
2549
11639
15007
6139
11873
2893
7422
15580
1074
15872
3534
11617
10151
10805
9875
3099
9019
3396
11207
4983
8846
14710
13682
4046
15021
9638
2241
136
13553
2891
7066
14038
8445
10001
12793
13910
10728
7588
75
13026
2911
3863
3902
6144
11677
14154
15717
5969
1219
164
1699
9803
4934
3607
9493
9645
777
4146
2946
8039
7827
11051
1021
58
12688
5799
1033
5424
10442
1296
1484
3560
14355
13752
15459
5899
4782
6708
868
2833
15283
3170
6682
13659
15110
15662
6545
4984
8374
3680
171
5387
3856
13079
6716
15479
7243
3194
8033
10449
7816
1498
10469
19
2374
3575
10687
13928
13626
4800
8640
5234
3100
5826
4786
4012
4134
949
3337
10546
1208
12206
4094
10459
3836
14485
13171
7864
8741
4096
2046
10211
236
1030
14851
6367
7027
9033
13232
7697
150
4415
7027
1372
13965
10253
3134
14713
6719
12459
4857
15908
11570
15930
11197
13178
854
12476
803
6949
15753
2060
7791
13936
8083
13095
2048
11315
15705
12193
6594
9532
1504
6229
5021
14527
6191
15939
2757
14688
7393
1934
8515
520
2250
11466
7168
13273
3590
14697
12497
14181
15265
2516
4776
15470
1488
2785
2259
12738
11010
2884
7801
8433
2234
9095
11845
13818
1952
14566
3484
11899
12475
5586
11846
13540
10986
2116
9214
3213
1410
19
15267
11935
1659
7554
10987
15700
947
12706
1226
11517
1269
13842
9328
7314
2110
5381
15010
8262
8525
8369
14733
14059
6399
633
8618
11292
6004
11131
13205
8503
1307
1169
13234
7581
4319
10102
9636
7171
5081
4412
8638
12685
9586
15982
1662
95
11216
197
14092
15090
8851
196
13562
3043
13017
6811
14671
1347
9477
13156
9110
12601
15127
10406
13933
920
3992
766
8258
14828
8955
8651
858
3661
15916
7520
11861
5400
8256
6188
5321
8492
4137
9472
6651
10427
12325
14603
4262
9967
5794
10485
14075
13215
15912
15383
14680
5642
2934
11673
6603
15418
3265
10750
4535
1640
5135
12108
8734
6769
11997
14861
8942
15029
4106
144
14473
14521
11718
13493
9557
11836
2848
5486
3582
3398
11463
15454
12286
6167
3139
3543
9234
10436
11042
2935
15533
11390
1460
12828
7033
13938
12394
5764
11652
15823
105
8362
12905
5338
2274
15743
1595
11798
707
5739
9471
13754
3890
5615
10920
12360
2024
2830
11807
834
15484
1596
5137
8890
3702
7399
14082
8019
4580
5293
8886
11556
9534
14878
13149
2155
2580
1657
4424
15548
4389
2297
3378
1689
5409
5228
13022
13403
11877
11829
6157
3153
1332
6656
11944
15048
15964
4593
4431
9912
14098
9019
6840
7016
9890
4451
15904
5735
8814
8982
474
13038
1524
11178
12581
12841
12200
2503
9712
8854
12979
2668
1555
4596
9396
1981
6304
11552
12923
12033
8599
11846
6355
8382
2964
5677
6297
4909
8408
666
5337
2274
11371
12177
12148
8242
4005
1464
14802
2968
14202
6735
9651
6374
10863
11320
12353
10930
5158
6877
13671
1167
7849
5329
6136
15786
9191
9244
3578
8519
1223
8214
5754
13988
9063
1239
12015
3697
10553
14015
725
14376
8552
5418
12083
7490
6836
14099
14837
11080
12199
14467
1798
4080
2806
8496
14432
2718
12887
6962
4883
12111
12274
3172
11716
1932
10922
5599
10940
15437
13931
1469
7534
4594
9931
15630
7804
4642
11246
1587
15107
12190
7115
11884
12323
12737
1371
9287
13195
12987
11087
4087
15467
8582
15867
5488
10979
7839
7188
9664
9533
8892
8578
4312
14236
11800
6187
13951
13131
2164
4482
9763
11379
13453
3470
11880
10619
15796
731
13120
8444
5426
11496
526
8047
2125
948
7890
13146
11159
1905
8107
6054
3145
7979
317
13664
10420
642
4365
14652
15551
640
12057
3813
8023
13404
8029
3991
14920
61
8558
10671
15735
9138
5601
4494
11770
6559
788
11716
7176
1265
4690
5866
9901
5142
10780
4285
9010
11135
11749
6201
1801
12500
6604
14393
11422
2280
1102
15900
2458
3796
10820
2786
3828
10625
13395
6340
6734
14367
5892
906
8693
8092
6847
1972
5529
879
2771
9537
7300
10408
13812
8067
7533
15917
2466
7444
13380
13728
12792
6165
6196
5847
11266
8643
2009
13046
11763
12831
6814
10723
9813
8405
2545
11347
342
14637
10226
6667
8868
3095
1123
458
6418
12852
5378
10085
2447
2949
1261
7857
9959
12260
6269
12908
11326
15567
15704
10947
13317
13247
4401
9971
7905
7408
3102
14968
3830
6620
2426
2043
14172
13635
10647
10800
11067
212
3151
9335
3828
11029
13685
7654
2649
12639
11854
12105
3699
3525
2922
7531
8002
9794
15137
14275
12550
266
2737
12766
9752
2847
4728
12451
12526
14750
12842
9136
3500
117
14095
4612
15953
14915
917
9725
13505
11938
3415
9659
6965
7894
5334
2803
12388
8269
12030
3654
5357
6383
8377
4237
9112
5532
11413
11704
2501
1026
6806
4231
1839
15863
15520
1768
8629
3763
6113
9605
10347
6240
4689
7819
11300
7771
6165
10403
2453
3180
14192
9316
8079
11070
12448
2235
6905
8729
5092
12752
12724
12443
1710
199
9961
15520
15951
8950
1622
5810
2984
2323
1684
14872
43
7921
5699
5842
1421
15461
8860
3700
422
4510
10949
3126
9385
4396
8965
994
7560
4414
1356
10508
12240
7609
9418
5856
12579
6146
9662
12781
8489
2660
1664
2436
3372
2495
735
5146
13569
15361
5709
4536
1428
3266
6457
4591
12803
8750
881
1688
799
14858
6772
15399
3434
4867
9229
10679
4351
6834
13038
12259
242
7265
3969
4194
11925
12627
4643
9658
8136
1965
4367
5479
3177
11286
13917
9076
12733
3149
11546
8618
1745
2287
7529
11171
10792
5984
8080
1379
9531
5385
13404
2736
8176
15637
13182
9247
9696
11793
4696
4868
8826
131
8427
11794
14989
14377
3959
2129
3673
7408
2011
3238
8290
2297
10710
5103
10868
14939
7675
990
1689
4015
14007
9432
4309
8345
14817
11636
8343
6370
15768
4600
8887
9954
3353
6646
12686
6961
14262
10826
15333
8284
11261
7334
8026
9753
3659
4572
10847
1322
7426
7424
4423
6650
4633
13467
341
11598
14508
11278
9545
11858
1781
2530
6430
8050
7089
4166
12564
11138
7374
2257
4321
3199
13901
10706
8131
12950
2410
12310
13168
5266
11577
9613
3517
2204
6468
8599
5178
6122
13935
15315
14240
8003
5405
2979
4644
10975
15766
5586
11707
13122
5550
7416
5900
10379
12749
6561
353
12506
1724
14870
4936
7744
6946
11008
13929
6437
4408
39
12377
14383
4561
6623
14040
1811
4160
15644
6840
10943
1050
6093
14561
2136
15361
6630
647
4563
2440
4266
11147
5737
10368
6370
4776
5082
1430
7862
15660
10884
13561
4439
10111
6882
14864
4148
12646
13457
13071
4513
2885
6414
13688
13203
8208
5736
1096
10858
494
2615
12585
12600
13606
10023
1281
5433
1041
5111
10050
2262
4907
903
11259
9896
5568
899
55
11728
12819
5040
1916
9741
13098
1790
5248
15249
3130
2532
14774
430
14272
5974
14907
13787
8171
10422
4628
12725
4534
10458
13179
3711
3712
14209
11764
2111
2776
10605
3848
9019
15911
15140
8941
12539
10384
7164
14048
5407
4725
5800
1491
5630
9278
9296
745
3246
15709
15195
14189
13328
10868
9717
8333
434
5042
1940
3179
10142
14679
1433
12414
13011
3653
14393
9317
6352
6031
1350
15817
4674
14434
2614
13915
11354
13981
195
13099
10151
3187
7848
11969
15166
3127
1349
9992
4138
12902
398
514
1364
6349
2090
9156
15328
4053
4602
8491
8510
1385
6700
7922
12207
12708
11259
11752
15053
15451
8931
9009
12186
5389
1620
3785
12056
3708
6618
5774
11958
10358
12684
2473
4622
9631
5828
1361
4491
1768
8969
11103
1295
10029
101
10840
7120
1367
15591
2111
15876
6183
15668
7145
8663
1530
4962
6365
10327
12357
5522
14614
1870
1441
4085
1126
6344
860
6153
7261
7260
2553
1924
11692
533
3184
2214
2621
10027
1916
3650
9261
371
12209
4959
7421
12162
9475
11433
10808
14545
14541
482
2601
11297
10274
14432
378
4061
14447
7206
85
9807
688
3017
11546
7561
13286
7106
6055
1226
9742
6336
4258
2411
6879
1197
14515
9533
14575
13130
13185
2327
6829
12583
12337
8
4142
8142
3818
15661
8728
3846
4923
8682
8063
13396
4117
1153
9160
11816
7671
1779
13822
7514
10250
452
818
4959
8188
11378
10653
2197
171
8323
10296
4919
1747
11855
3375
3836
4046
3957
15697
10584
1947
6635
8433
166
6979
12722
8738
9636
5681
12862
9772
14155
4223
486
4579
12012
5412
9268
246
3188
9151
13911
5122
3384
11141
15627
9628
4695
2528
4718
3015
263
267
172
1957
11969
15046
8813
9096
6672
6277
3329
1012
8756
4400
10367
14095
11716
9137
4826
8023
2049
4813
15397
2603
4850
9395
11807
14564
1051
1575
10402
14294
6798
9892
6609
4861
2453
13936
12937
4634
12191
6112
14186
15346
13636
3280
10994
14969
11892
11195
8900
12359
14552
14564
310
11881
983
6358
10716
12449
11793
3325
8729
480
9875
4409
4984
1977
11871
15104
14773
1347
8622
8720
940
4806
2991
211
406
11696
12521
623
11783
11253
404
9949
1415
1275
15618
8443
613
8753
9899
11940
11889
15994
3507
10551
9979
15376
3681
2045
15201
7491
15811
1196
5410
11501
13763
9581
9499
13605
7844
12463
5599
15221
3215
1758
651
8255
4485
849
8871
12461
15623
222
13331
7871
8804
3238
15873
4355
13763
8739
1314
13093
12897
7438
3635
8917
9512
9352
4690
2517
9544
13767
4733
2837
6417
15797
12071
4395
5969
14942
12866
11023
3519
7144
4657
7945
6954
4483
14348
9011
11189
726
4164
10152
12582
5093
6985
9902
13278
3521
4914
4935
5004
3306
4546
10262
1335
1219
7136
10913
3422
14465
7541
823
4719
11334
6540
11854
11740
7397
13884
10360
9415
769
8967
14056
5851
11735
6236
5904
4412
1635
8125
9182
13384
7427
13923
2590
8231
14184
7080
13965
6556
8432
12082
13246
3633
11530
14318
10999
2214
9878
6005
9054
2549
9816
14724
9774
12134
8224
9232
13188
9042
3409
2516
12657
5252
10246
6736
11455
4640
10077
11253
11783
14376
4022
12182
15574
11152
973
4067
3204
818
14240
11846
4604
3727
10576
6525
15496
107
5882
14546
15010
1943
13672
1701
9575
15427
14189
8788
7280
7120
10990
10612
1007
14744
14468
13712
13861
4032
4277
1807
4433
14763
10869
12845
12484
5799
10590
7380
8175
9621
7858
523
4619
11812
823
281
3027
9051
5678
3161
7661
4011
7113
10081
1120
1507
4755
9230
5396
1781
8230
15508
9111
13145
9150
2316
5727
841
5642
6936
4563
12488
1448
10277
13073
3466
8532
3719
3141
4475
10803
9416
13028
15156
2049
6088
14956
5800
9957
4522
3342
15837
6981
6179
2127
6612
12574
15031
11776
14502
1119
1886
3271
13903
14473
9742
9689
14672
8910
14521
12035
6581
10351
13142
6319
579
346
9339
508
15487
8943
15675
210
8370
4835
2659
12027
12642
11857
2125
3710
8965
15946
15193
3369
2605
6153
13757
1440
12407
12071
5548
11084
7103
9310
743
13944
5135
13350
3921
3672
3465
739
1851
8847
10828
10493
1541
4510
5652
14578
13132
246
8895
15222
11774
15492
1459
8832
8973
833
5145
4337
232
12095
13894
12309
11221
360
9893
10759
4376
10267
11921
3010
14133
11258
3712
15726
5718
14550
64
10620
7607
7368
1574
5123
1809
8273
7827
11428
6990
7989
11253
4797
5261
12398
14063
10255
7175
9018
12577
5004
12853
8996
12229
8136
10682
4130
299
13303
5270
5975
9097
12781
245
3911
8331
7520
9466
15036
15363
12248
13706
8217
5212
3879
13086
15246
10926
4171
12350
12269
15397
8492
8691
15844
3257
8632
309
4189
15965
15909
9870
3135
2652
3199
14959
11028
3015
13590
14454
672
15995
11950
2427
4186
15707
10217
4480
7927
5022
2739
7572
6575
11503
3000
11583
9301
13945
7897
2905
6806
5203
14483
4552
12502
9618
7045
8077
15829
6982
14553
1056
8732
9860
6662
8410
7024
4557
8283
1507
8818
12812
4711
7615
11085
15260
13613
5031
2893
15054
7679
875
5297
4603
11339
11893
14163
6530
5079
6808
14268
5857
9302
9398
12518
15661
9599
14128
8035
13884
13322
1220
10943
2300
8164
4721
5240
11598
12687
15813
5594
3699
8902
9115
5388
12920
13433
14012
4252
1513
7805
8108
12560
3952
8918
965
7673
8762
8494
4471
4976
7778
12647
8898
15347
2183
8144
3650
4404
8889
7060
14755
3768
2321
13465
5333
4249
5377
5337
8543
4159
1585
12580
6003
2685
8725
7194
730
274
835
13957
12394
7467
1165
11412
11875
11480
1506
7801
8639
7616
4532
6699
10375
5807
4678
10782
3163
2786
13254
2869
527
14762
3070
12042
2246
1232
560
4422
4610
4691
6292
7170
14569
12184
7615
4701
4896
9212
3294
14214
7253
14729
12857
13462
5199
13629
8419
13434
14176
7490
14347
995
3974
6487
3178
507
1233
1374
14853
14808
13402
10510
2755
6720
8452
14893
13047
4755
8258
6171
2604
12785
7567
1712
7663
10064
14354
9723
3181
1370
14607
184
747
4642
6506
11052
13680
10130
2547
3924
12729
6608
9962
9472
5632
2245
15815
12079
505
11365
7567
3361
4221
15434
5514
9286
11864
3658
8094
1218
4044
12870
28
3276
10300
3486
560
10530
12300
3738
8507
804
14039
11359
8264
3527
3540
8305
15595
14182
11571
8955
1573
2660
13096
9129
14747
5456
8782
8716
3608
5478
12824
2486
11483
7878
7534
5831
7258
7562
516
10751
10577
15639
1537
15109
7844
1490
2935
7333
13326
4336
1930
5722
5874
14173
15784
7094
8248
13370
5980
6940
1134
9777
13947
441
4753
15477
352
6257
13612
6245
3353
12350
5437
7462
11505
6630
11685
5745
15959
8119
15587
13467
10107
8502
7528
12932
3432
1096
2267
13587
15813
9786
12349
863
12076
4390
10083
13269
808
10078
6225
4344
7807
1681
1743
6890
6959
14323
6984
6634
12597
3988
14993
434
1903
10473
8819
11377
5669
10446
1551
10558
10953
2758
4161
9672
13033
5995
3032
13471
12145
4332
2190
3282
1276
2390
15036
1425
12311
7558
14511
4861
12278
8510
12905
12375
10231
1472
1783
9168
7481
827
14889
5680
1962
12484
4294
12461
2760
10731
4431
2087
12083
3332
2755
7566
8328
6199
5625
10557
8200
10065
7301
6704
6104
755
2613
2110
6394
10785
3058
1748
9289
6932
7861
13144
6376
10123
11659
15929
3133
7861
8537
15084
1583
4642
2306
12687
13559
9164
11155
11520
2608
10415
2323
3413
3722
7963
13098
5301
5588
7825
5696
6007
12185
11516
6658
7963
9222
8199
5370
4787
793
8880
14279
6174
10643
10528
11857
878
8573
9119
3813
13578
7754
13148
7661
5178
7411
3454
11181
11820
369
8990
2958
14325
14826
6088
8750
135
9251
13176
6714
15032
681
9267
5118
3770
10740
3675
11886
6470
4649
64
8293
6867
4738
13405
1444
799
1213
8862
10969
15114
913
593
10544
12736
5112
10344
2462
5625
7854
8687
3932
15029
531
11480
6165
9846
2001
541
2109
4400
10294
11430
4997
4251
8189
9184
3209
13527
13170
162
10477
10503
12744
15705
7724
11037
12283
5289
1136
8336
8103
12105
6194
14882
9643
6976
14745
3416
15764
7548
15770
5995
3581
9160
6338
5910
3861
15021
7376
6731
1796
4070
4334
1343
11778
15191
7930
11159
7231
3033
10862
2267
15800
3882
9183
8772
13316
1247
14589
6150
5613
6629
10508
10950
6156
5245
14071
3264
4987
14775
199
15407
2530
5287
14915
11724
15111
3368
14750
5763
7839
3260
1393
9584
1630
15014
5122
2636
12198
5692
12344
2786
3053
6890
8868
5163
10423
14699
13310
6407
10521
4889
10270
6931
1541
2801
9551
9661
12348
7077
8050
5955
3831
12397
8883
1195
1250
4388
15775
11738
9762
6170
12396
9960
7341
15430
4249
4535
12971
12549
14058
13061
9330
5098
15633
324
3499
4757
9396
8902
10834
212
5662
13678
11102
6284
15355
14939
452
171
9970
1284
2669
5293
9514
13393
9777
3531
1987
5818
12748
13576
7249
14016
9810
11585
2735
15497
12064
1040
4076
8122
5691
9319
10808
8117
12045
4331
15257
776
4731
734
12838
8879
11045
11978
866
6952
1764
5188
1885
10691
9105
516
14104
594
12200
2276
3801
3894
10007
1443
5570
9936
8234
6052
15101
14290
6932
2459
14462
2786
145
9996
15356
4812
543
15200
3493
7285
2209
12458
1538
7590
15593
13437
4986
15831
9389
2682
7398
913
11437
2361
3590
11105
9864
487
9513
4362
3138
14178
3349
11227
10239
5730
6691
3726
13994
3198
8919
9575
10488
12596
14880
8044
4724
14161
15889
5664
4832
1600
12316
4580
14335
6272
11004
2294
8025
4741
4976
13611
8931
366
5088
9546
3640
8643
11656
4683
14565
3062
2380
11114
10374
14161
4115
6580
504
6816
5607
10780
7043
11626
4468
1237
10641
1329
9921
6048
13146
1191
4124
9834
10316
14559
1437
15836
12293
7306
15597
4835
14055
15175
8599
15148
14963
1698
6366
15185
12527
8594
4309
5239
6104
948
6726
3479
1234
14532
3990
5352
5956
4756
14525
13759
11941
14205
12565
10769
1600
3815
14039
3194
10215
2464
7992
5255
11397
5625
7580
15838
11173
7355
15950
14137
13972
7757
1241
480
1597
2315
2678
10135
10576
4894
1365
6726
20
2379
13648
8299
9459
2066
2210
11722
5260
14418
12001
15640
1773
9959
2474
13784
13856
15436
9559
8896
13588
12145
8959
13355
4268
1525
9710
2663
15232
6129
9260
2862
2129
11588
892
3843
7381
2305
10109
1626
7656
7361
2141
5857
9163
4365
2455
6977
14204
12002
14768
5718
3217
12991
14171
11673
6245
9076
3920
12798
1647
4362
3448
3112
14224
10774
11093
1353
6988
1556
12510
15610
6620
12118
13831
3126
6292
8710
13671
8280
10174
8692
1202
3938
4784
10541
13069
10768
7564
6979
15504
5219
11804
4481
8746
10874
13044
3327
10086
12558
6141
10486
10002
13964
15778
15352
6698
858
2017
1988
10847
14860
628
481
12511
5453
1350
8941
12333
9281
9129
10444
12881
13648
10227
4742
12951
4080
14402
369
6929
10380
6738
13609
13672
9553
9517
10992
5609
10630
7745
14018
2945
6303
865
10339
14372
6516
14618
13238
8208
8000
3668
2458
10714
10147
268
2596
11951
4596
5063
8857
7554
3653
13427
1393
14063
11378
10459
4072
952
13762
5634
13001
11931
7719
12935
3142
4648
7271
15076
4752
437
12204
3730
15619
11940
15839
4354
14666
3212
9541
6591
11313
14688
6207
4429
56
10835
9474
1631
6210
9393
6187
11895
13520
15661
14454
9453
8712
5626
4590
13128
2617
3694
5581
14431
14525
5191
11533
15288
116
1869
13118
4237
12752
15634
5743
13649
4929
11104
12426
2335
13229
7465
2025
5082
12436
6070
12605
15868
8361
9572
5964
8466
4382
4004
8124
2355
1781
754
13255
10846
1562
6313
9709
2863
10284
5028
7380
7726
4228
8738
13474
1543
12173
14820
13388
7657
9901
13533
4937
14902
10299
9820
11143
11903
13513
14241
7625
3277
13165
1553
13225
4787
6657
4347
11427
4179
9053
6996
7630
747
10461
11302
12614
13821
7867
12373
9694
9602
7344
15517
15426
6208
9436
8166
9776
8565
6334
2894
14618
4396
8073
13671
14581
8252
5285
5083
4027
61
3465
15977
15357
6181
13546
12683
14100
9486
12735
5630
12434
13757
13103
11140
15113
6758
2716
9933
6101
12663
9968
14429
11946
15432
9596
2567
13888
4842
12376
6947
6476
13839
3879
4722
8679
4181
7730
12553
9910
9881
2516
14328
2855
1325
10666
7330
3290
912
59
8459
10818
9605
12382
1686
6710
4865
9938
5895
5657
12694
14829
7084
10167
6230
11045
10482
15850
15135
2362
10384
5686
4653
17
12988
10958
7447
7095
12448
9693
8925
7654
14187
8976
11825
12133
14247
15616
7442
15955
8323
14435
1575
12994
3093
281
11474
7526
12894
4454
1837
13527
3094
7253
4063
6903
2083
15306
12847
7673
6713
11478
4172
2083
9507
15569
15547
8955
11031
7722
11018
12694
15128
7663
12333
15020
151
11524
8436
5707
5087
2959
12944
70
9960
203
7443
4514
8908
14304
10413
14431
9178
15871
10543
6285
4175
8720
3753
7035
2144
594
8378
337
14842
4004
8044
12827
3415
10686
9939
9858
3556
5229
3705
12429
9483
3323
6122
12428
2103
14009
8694
14298
6884
10913
10842
911
2080
11848
7590
8628
14459
911
10846
13286
8476
15064
12833
11909
2460
8832
8110
13055
6013
2242
12453
156
12189
10263
7525
11422
7185
14045
5389
13340
15213
5806
7008
7729
3175
2485
2484
7153
7255
7670
4423
14622
3172
4607
3948
7732
1367
8637
8913
14161
12049
1485
15944
8357
15823
7396
5513
4669
8912
8554
9940
12011
5371
12639
3217
13035
3724
8474
2533
8662
2156
12829
15702
14421
15723
4839
145
14492
8979
2196
14709
4045
4628
9096
10902
221
11797
14919
3881
14449
15529
15205
2114
15605
419
9096
8937
13544
394
4050
8880
10400
7480
5878
9549
9736
7442
4516
9611
12497
13536
6758
5041
6009
2627
3044
14009
11703
5292
8934
5171
14075
13689
7403
6701
2583
11168
2835
5886
15391
12731
2210
3954
6823
8860
14321
15681
5458
14130
5341
8405
7335
8496
1258
1159
15023
1825
9092
2162
3542
2577
7225
5558
10476
8641
9317
12296
5805
4246
1260
14104
542
508
12161
12424
5511
11469
4486
10707
14626
14342
7772
5733
6610
5995
15289
413
14682
11300
5888
2794
1768
12474
3682
2810
7579
3494
12427
9266
4732
8544
10352
8231
4833
4692
14845
13962
4967
12856
2847
2212
6387
15042
5123
13748
7078
5852
12660
8042
3140
12697
9238
14233
6628
9427
4738
3558
11089
3119
6104
3633
2050
450
2158
15938
7445
12871
4855
10373
10285
7676
155
8319
8911
919
11219
11690
11919
1930
14912
8924
12434
5741
13119
13135
10509
4066
11851
6776
7219
3152
3607
3601
3310
4649
13982
601
4249
10700
2532
12666
2450
5445
2090
11180
1932
6286
8474
5867
11665
5744
13820
9154
9735
4278
9428
11496
910
5968
2484
14866
13754
6430
14048
7736
7937
13024
15712
10299
12515
3917
5466
10242
589
13598
11896
14638
15845
1052
11144
3242
5828
9910
13594
5464
4760
8085
5140
8541
6443
8191
10185
3955
3477
264
14918
8050
7062
11493
14624
6772
10078
11217
7506
3141
8283
10375
9740
1612
4745
9143
15368
4241
5002
3291
15316
1326
592
3719
2847
5059
10445
9224
15498
14065
13314
3467
6669
1753
10500
5457
6701
15764
4058
5739
12526
7485
9318
6090
9461
4240
11811
6932
75
7098
12117
13317
5927
3465
13532
9078
4889
12579
14842
10994
14486
10408
2003
5955
14168
8065
1529
13106
3323
15833
4466
7977
13891
364
5013
3953
4584
12014
3508
14409
9836
15906
8162
15794
11148
12756
15293
231
5670
9059
14921
1050
6963
1310
14932
8100
15440
656
5983
12174
13678
13983
1099
8224
1192
1776
7496
13224
5784
2051
4042
14854
11065
12141
9154
1561
5015
4796
9697
14888
7190
2239
5183
614
5752
3609
9069
9278
12868
2545
4383
9242
5395
7941
15827
11248
5793
12926
6574
5267
7271
1139
11850
14067
15044
12049
13789
498
5839
8859
13573
1626
8332
5877
11766
2325
3916
1114
1643
7962
5790
8339
2692
8264
15111
12693
4910
2777
15115
14504
7221
15956
1296
8453
4145
6802
2048
12307
9512
6717
1953
4247
2076
9702
6751
10161
7948
3934
12508
4392
8694
4799
2094
11418
15697
10519
2010
4614
4098
400
6335
5171
12089
2114
11415
14122
370
9293
15791
13582
8218
2585
2475
14934
4541
3342
14933
3901
8546
7064
6140
7739
15206
6747
14757
2903
4897
5213
9483
13773
10762
9848
12710
10492
9623
5859
11157
5191
14799
10900
1680
2621
15491
374
2263
4806
514
11081
15958
119
12447
11767
3895
10057
786
7165
12600
13234
5587
6301
8038
3449
12195
15027
7645
6599
9251
3922
8082
9737
10759
7525
9638
14735
6146
12125
2676
8955
2364
14960
15228
9382
7565
8401
14737
13835
7810
415
6159
11237
11637
10183
7726
12894
10699
12561
900
1365
6012
609
2890
11658
8471
5209
6380
13096
3326
10897
708
11202
11672
7144
1954
3995
2669
11468
13817
8848
1450
15399
145
9425
15320
10535
716
11321
12404
1433
4802
7177
4044
14409
13048
6159
4354
7165
4341
7351
12912
2261
844
7189
9232
4268
1767
15723
13107
11890
4364
14178
15961
3666
4693
14370
15892
6304
15715
6861
7079
6547
9639
529
1505
14815
926
6253
8070
7482
14386
10111
7847
5855
7664
5067
9181
3235
6820
1970
4033
524
13281
14112
1078
14130
11215
12369
1930
11227
6483
5522
7774
8261
6202
9519
5380
11353
2038
14727
2810
14433
14773
13424
7936
4126
7820
5553
10126
619
11192
4856
3657
5657
11138
51
11005
208
13181
12431
2257
3954
3954
4220
8205
12294
14426
12391
7803
9458
9836
7468
10499
2450
1652
1411
15613
4032
2040
14606
4354
5423
3626
7779
3948
5314
12250
12300
3210
11639
9514
3201
10504
8043
14521
1744
13323
15232
12994
13758
13541
6720
15920
6341
10371
2630
594
4342
9351
9587
2860
4517
2500
6435
303
3576
3914
12463
10411
1342
8661
769
10535
5784
6089
4940
6449
15196
6423
13625
607
8930
7925
11419
2588
6263
7559
13533
419
5497
5587
5413
5791
15867
6429
1885
5805
15813
12941
11433
15759
584
1909
15931
15951
10540
14655
3936
15974
4396
10299
14385
8497
7705
2439
15501
2399
4640
13698
3215
5818
13020
15721
13159
12737
8583
9637
12447
4816
11660
11232
6766
10217
4040
11032
14596
7287
6297
8991
4918
4407
11298
3795
4156
13708
13679
2046
7800
3392
3575
14531
15947
1043
7069
6143
2705
535
4119
14451
8245
3142
14494
6997
6668
12690
1828
12448
14510
10224
6017
12768
4575
1016
10970
15844
13886
14731
1211
8812
277
6129
639
6276
11672
3294
6263
4555
13101
4995
4619
2739
3350
4102
6912
723
5380
11259
13984
14603
8664
13124
6461
13373
3280
1968
6719
12701
2051
7181
14851
2338
4504
440
13787
3920
12104
11776
4844
12410
9081
12774
9727
3404
10075
3925
14431
4795
15147
9213
5656
11066
9392
8829
12925
4268
7382
2172
4458
11889
3795
13151
1450
7620
5613
3194
6125
12453
4477
13176
12143
1853
10396
15788
12283
9050
6795
224
8072
419
13022
1187
582
3641
4494
13310
15107
11597
1974
6173
7639
3436
6141
14488
395
13937
551
5299
14724
5069
7671
12636
9325
5655
8903
13872
4753
14600
9985
6279
6028
15158
11371
6330
3748
4082
14090
8749
10873
164
6093
5868
1955
5634
3015
7599
15737
5273
4316
13900
10966
8278
2999
8705
10102
10519
9480
8736
6089
4044
15358
443
7327
311
8923
14897
14461
8347
12244
4369
7138
6051
10569
5861
1514
3509
1914
3959
2629
11057
263
10102
2873
6531
12001
7223
2948
8500
5835
974
14623
5774
7730
14544
4611
1850
7287
7416
13639
6582
6639
3608
10258
14916
3799
13188
732
8801
843
13336
4007
13280
13465
10290
3979
12888
15487
2785
9597
2790
7708
14043
13229
11926
7846
12084
2352
2155
7974
15299
13850
11255
14773
776
15660
3492
9038
11882
3965
1494
15217
3410
13529
6117
779
14717
900
3871
11414
2177
11240
9679
8266
12144
9225
6551
11410
5232
842
15511
14525
8105
2110
11489
8076
13510
13107
8454
4167
11667
11076
13599
7581
7538
2384
2234
3541
828
4993
2651
7459
10836
1817
6911
2363
10077
12920
15409
10410
7102
8046
10139
2017
14552
9705
15456
12746
12002
6668
1487
9827
3954
269
9895
13452
5758
4810
1021
12634
13086
9191
681
14641
6448
12447
6776
13326
7839
9441
9385
1488
3044
6407
4035
6720
3895
346
13855
6638
15580
12653
9794
14653
12930
14595
1184
13518
14864
13935
1645
520
10372
11555
13096
10714
435
15492
9000
6528
6706
15713
5975
9352
13867
7050
14100
9918
4523
10320
8625
4517
7087
11197
1702
13973
2901
15459
10134
8767
13577
8590
14818
10284
4420
11343
11773
7563
12463
6181
11604
687
1940
3767
13751
256
14920
3341
385
15875
13608
2533
15117
8011
13742
12943
10101
811
863
15627
4080
1216
7107
10467
1399
5997
8602
1357
4521
9788
263
2996
6924
1471
1781
5299
8013
11710
10344
11312
9929
2104
12050
1981
3647
10784
279
153
7253
2014
5569
4744
13307
9642
6740
4912
10331
3007
5966
10648
7469
3634
8878
14648
4327
11633
11212
4477
11653
13506
4447
13102
14929
14024
14659
8330
12162
5234
2343
13112
12330
3400
7297
14797
1594
15169
14447
13059
4954
10557
3236
1484
13527
10528
1878
3003
15496
6828
1288
4253
14385
989
13609
1649
7157
10201
11752
877
6663
10644
13827
1755
14808
15598
2796
14213
6624
3795
4871
2712
6437
9399
2529
11263
11842
1564
13476
1609
13154
8569
5639
14227
7368
518
13136
6040
9840
2381
10009
4344
13325
4338
92
15942
10771
7090
5561
10280
4433
1027
6657
10916
10091
2198
2375
13884
269
979
2595
2456
938
14657
4713
424
69
3651
5153
4030
13134
8066
790
9321
9406
2693
4157
15941
11238
4884
14914
8773
2495
12207
8339
9846
14431
9239
15011
6257
5729
284
3999
14831
15887
15297
3988
6633
5488
8178
8535
15037
12124
7289
7580
2108
10532
306
4352
12094
7109
663
2913
3685
10268
11426
14849
4168
568
5465
2331
9885
11435
230
842
14204
13643
11521
12620
10093
15004
9498
1813
12684
9895
7373
10769
11534
14512
13407
6275
4656
4272
10209
9819
4291
1965
13030
2003
8020
9253
3681
13648
13691
665
7346
9660
6840
7921
11349
5534
8422
14338
3334
15560
8483
158
7488
1076
8680
6058
8906
10798
3724
12238
13742
12526
4648
1336
6414
14073
8786
11711
9045
14561
10566
10009
12770
5291
10337
3003
10316
9091
10891
5668
15666
13342
2594
71
1521
11974
1643
7237
5441
12858
1891
324
15016
7982
963
14728
10006
14282
13146
9376
1794
7627
6889
8194
11959
9033
6576
13727
409
5159
12779
10945
5231
6392
6815
7575
6583
10485
1487
2403
9131
3750
12622
8235
8262
520
7075
12178
1394
6347
15378
12337
4363
6373
3133
11693
12065
7377
12035
8963
7900
14020
9128
9626
11978
11810
261
15028
14440
3703
15339
4684
5601
663
10171
15692
2930
15179
7595
1781
4627
4647
6471
5456
4834
1983
7862
3853
9297
2242
8390
9205
5310
8329
4483
5495
7794
13729
11930
340
8224
3771
5078
2605
12388
8852
13568
1741
2857
15194
801
14638
13100
8000
14639
6466
12964
1622
3058
15798
3913
1411
9203
1194
2879
318
13388
7560
10814
5266
12880
9397
11979
12787
2847
8054
11353
6218
8525
14671
3339
1241
14815
76
1765
1679
7339
6738
13884
11082
10557
351
4490
1991
6567
295
3273
5631
12179
1017
14279
3929
14035
2475
11654
14436
13676
2866
4531
2508
2449
6022
13410
6199
1693
7701
11827
12436
9035
1926
11955
13893
4100
13777
10541
6302
6429
5652
12365
8679
7740
8337
8921
8143
15712
15427
7458
1612
2402
4506
14929
11229
12515
2288
12515
3669
2010
6338
10293
15085
8116
11705
656
3753
13464
8820
14453
3366
13772
15080
5288
14664
11290
12041
6197
8073
3200
9514
7272
10467
4760
12821
12269
5121
3246
15781
8295
9249
4710
12226
4270
9499
5679
3819
1300
8209
4664
13260
5247
8667
372
2942
828
1843
6379
9477
15351
12484
14114
12893
9576
261
11840
4917
30
3305
1505
7413
15976
13110
13221
4705
8218
6093
11137
8481
7050
57
12692
8239
11196
267
6251
13035
10810
10871
15452
11956
8529
6921
9137
5947
8153
2714
15029
6555
3131
13145
10763
652
12
14222
13485
10721
10190
2179
7464
1673
14980
10823
6361
8007
13625
4926
10837
14206
8373
9211
1979
1642
10779
10760
14
11617
8069
13779
12008
10205
6856
11566
11378
451
13805
5036
2150
316
7905
1641
15865
15493
5527
10488
4494
15225
4376
5951
9865
7984
11588
13324
1902
2976
10002
3260
3918
11578
15793
164
6972
139
13559
4326
9067
7220
3967
13085
9087
5366
9008
13936
12013
7136
3415
11647
10340
9462
4666
1742
10711
11331
11605
9522
335
8313
170
6371
301
7724
7913
14616
12018
3161
5853
9130
12989
13268
4850
1319
13545
4618
1667
740
1644
13301
8164
7984
5141
15270
4251
6489
15172
6748
2982
12548
841
3538
3624
14462
515
4358
12326
255
1373
5017
13992
6777
8806
1215
8864
14201
8701
8449
8291
2887
12085
11143
1149
7814
14375
659
7488
3212
15700
642
2941
5421
9962
7345
11679
12202
7752
11709
5675
5400
13247
9867
4838
1390
15426
193
12861
14056
14111
7327
4427
4594
3386
10905
3848
5471
10914
15445
10525
3486
1540
6801
4751
13479
6243
4202
10371
11640
3144
4751
5627
2208
8091
10958
4407
15318
12971
2375
2276
1180
14253
6910
14047
3937
14993
11580
4919
11515
4261
3560
3072
2503
12817
6031
7752
2879
6344
14996
8456
767
6260
8999
8365
11793
12169
5901
14560
9383
297
1793
4055
2868
4750
9932
4345
11704
9578
2907
11355
8264
14257
9629
13650
2447
9705
11238
5021
14863
8844
2164
6403
9476
8442
12646
12599
6697
4276
4030
5423
10060
1632
1130
2808
7023
960
11046
6659
9024
5663
893
6809
4995
8234
13802
6952
3074
14217
15419
13009
9346
495
4907
12575
3634
1848
720
7607
10351
6800
5597
12663
1297
638
390
13202
14436
14995
10924
7802
4425
9006
5114
5983
2625
3429
13788
15610
13800
7219
8183
3870
1036
9895
12917
8366
5791
2310
13387
13423
2546
4202
2400
10890
15355
12112
11668
272
3658
11135
11124
1570
15380
8532
4277
4542
11627
219
8338
3665
15661
12030
8664
8487
1361
11976
1823
10966
6133
7220
14081
44
15380
9403
1833
11004
14935
1950
14273
8384
15481
15282
6966
15438
8930
6120
15027
6605
4
1107
13409
11694
6700
6226
8380
7559
9295
5145
10463
7157
10819
10756
13698
15011
13470
8799
7698
7603
11971
3255
1638
15484
5790
5129
8039
1186
15236
13960
629
4623
15167
321
9600
10187
7964
3281
12810
14541
14132
11709
15650
9164
474
3365
2043
6949
9927
1423
2372
1530
5602
4071
913
12317
4405
4441
1308
13958
7983
5326
3834
14777
11993
14370
2220
14387
2123
13354
15548
41
13631
832
8558
15181
11303
4059
14520
6092
12490
15876
4406
10935
516
8580
9596
14623
7050
5751
8501
1970
2681
2649
10885
11556
684
12192
15284
15607
1863
9923
7554
13748
10942
1761
12752
11990
13181
10445
8946
10733
9110
11738
339
15907
5737
13466
3672
11526
960
9308
2654
13866
3272
11692
7329
7444
1096
8339
3182
14788
6080
11161
13608
4467
10502
11825
11092
3315
15476
7814
11674
3319
4578
8343
14539
13953
8505
6066
1425
10851
1420
4358
8163
1381
3109
13143
11216
2135
1227
5931
13790
13511
12665
12531
15861
3379
5845
3212
8111
13073
7213
4902
1364
2104
15357
8774
5610
13452
2705
2458
9810
3119
8312
7336
7724
9851
3287
12679
13250
15461
10466
3278
7807
9752
2838
2270
10192
14997
11557
2925
13253
1749
12642
7464
9942
1417
5250
6219
5294
2427
13123
12854
3420
10058
11098
11099
11954
7891
4550
4733
4871
6535
7304
4541
12932
2227
7602
6179
6820
12780
14883
14681
7095
10536
14203
12826
2467
11544
7359
11217
11532
3578
10352
11145
13400
504
8228
2651
3599
3102
2012
4543
15465
6789
7792
12886
2075
9392
5324
11487
407
12632
2879
3421
1576
2028
3815
2632
6254
9055
12431
9683
2056
2753
10270
3817
5632
914
4143
14676
14669
229
13166
7519
4166
7748
160
1241
2142
4748
11122
95
698
11187
2310
3099
8908
7661
10336
7636
10512
15514
7481
11851
10146
11365
4162
4277
10891
14318
7460
568
5225
8961
12960
2842
1522
10814
1810
971
13194
13544
11004
9287
2233
1079
3628
8408
1741
1447
13556
4522
11155
14472
6894
3499
10913
2975
7075
3363
12087
15510
99
9450
1389
144
3730
946
1969
1376
6896
12691
8673
842
6455
9087
11577
4606
5573
5377
3426
10821
6344
14518
7778
10325
4100
4709
12603
8994
866
2974
1455
12640
548
1617
6451
10645
15758
9406
5768
15687
5250
13224
3998
5963
465
8909
4710
1328
10490
4249
13946
11708
9866
2790
15344
11750
5564
12349
1573
14441
10392
15316
12660
13075
12790
6154
13885
9658
6171
6374
15571
4759
8286
229
3763
8500
11399
6690
13195
1537
14897
14072
12205
13745
10227
11533
2488
2711
2012
14067
4155
11558
6297
15102
8380
2242
5024
2467
3642
15944
11361
6366
7327
9757
9307
14099
11799
5362
11317
4375
6947
15968
12803
3522
6271
4321
913
10892
12747
1922
9369
14692
14101
10994
3324
9071
13687
12437
10911
11539
1764
11120
3479
11149
934
7521
13926
573
7213
728
3882
656
14926
211
268
13211
11398
6526
5995
10239
10803
15475
13367
13053
5997
2719
4931
7233
5553
8300
4034
13901
12031
6157
12512
4591
1973
12977
15567
9959
15182
14008
3791
738
5609
13274
2296
1530
1441
6796
3154
3187
10579
13016
10905
11568
11153
0
3328
10998
10262
11434
1751
9068
9324
4219
7818
6703
11653
4380
2736
14731
12405
12826
7317
9555
5384
9873
10111
9188
15532
8750
1454
11740
7578
15730
12050
1218
10128
2165
15111
314
8664
8146
11767
385
8304
11932
12803
12006
8838
778
7256
9000
7256
12706
821
9919
4958
6516
2620
13380
4002
3487
10927
2619
15746
9427
14014
10890
10095
522
3070
8114
4939
14693
9722
1567
3223
7880
15383
12118
1715
4764
15844
3742
3892
8132
5187
4533
12703
14644
7998
7720
8123
4153
12608
10804
816
6803
3603
10487
2756
1244
3454
8355
13318
10656
10348
8365
9164
544
4079
99
7291
233
9640
13164
12242
4304
8473
5431
2079
2762
14076
4177
14089
15311
3238
810
3931
4619
13226
8572
14230
5370
9035
9326
6718
8706
5643
6544
11253
11049
2437
12763
13628
3062
12293
7471
13189
11514
11774
12882
8928
1853
13574
10518
10091
2349
6377
2242
11436
4782
15975
6643
12941
3914
3300
6026
2254
7665
662
15113
12080
5437
6364
11805
410
10747
11265
127
11838
11733
5162
3726
7119
7663
971
369
13252
8759
8510
4069
11990
6917
11681
4547
12701
2569
5664
847
5304
12144
9761
13998
179
4230
7285
6928
619
1080
9380
2015
2710
8297
9707
11418
6420
1984
4182
13362
11315
3878
12489
10045
1259
6744
12374
14238
557
10759
13869
15947
55
1814
14970
10771
12352
15935
12289
5734
1099
8469
2054
15774
2667
6658
7946
8776
2938
14343
15154
1266
10133
6869
8252
9926
7312
15111
5912
11040
3125
10885
14617
8497
5257
9889
3711
2634
9202
10188
10353
8931
10936
15442
2062
1830
5336
5165
15388
4286
8141
1381
3436
2373
14550
864
877
4896
11696
12061
120
8553
10578
7448
4517
6675
13386
5955
7851
13214
5935
15509
8164
4450
9576
2430
3977
4438
1564
4681
10021
13158
1183
4661
7297
6780
6013
10764
15020
9620
11338
3634
3064
15154
1301
7757
6113
10691
6959
11420
386
5615
12374
5785
12745
13099
7145
12838
11858
1161
10716
9180
13366
9400
172
12451
6767
15805
4450
6079
3745
14333
3157
12145
5220
15009
4970
10239
12165
6841
3661
4029
7504
9631
12966
15507
12509
292
3679
12455
15753
8478
14100
14125
14287
14383
5063
8333
11203
7160
11845
14445
12003
3789
10764
13656
11095
7039
2077
10334
7922
4135
9324
10294
7948
12984
8135
6405
7282
7418
4390
9967
13936
6322
1564
8526
2882
10495
6705
4101
2446
13834
10630
350
10666
11536
10902
14525
14351
6399
5884
949
4820
14218
14872
1569
5839
8603
12998
5640
3567
3156
5342
12836
4044
6507
10428
2039
10906
4399
4334
5346
1140
3823
7145
5382
5437
14440
14460
4479
13767
13321
14186
3794
14655
1793
12256
9619
3666
12007
11360
13292
11734
496
15184
12235
9739
9705
2447
1931
4605
7123
3011
4831
4821
10148
5926
2462
10937
134
268
8919
2504
12930
7189
8772
13926
1351
14146
9447
14029
2884
8021
15564
11522
2261
10310
12008
4108
7980
15504
2275
15998
7701
8802
1285
5070
5840
9437
7817
7369
10454
11152
5116
9370
5935
15441
14254
15642
15620
9086
13230
4788
14420
1547
9457
13622
8586
12833
10739
8726
11629
11870
13243
2239
5970
7033
8628
4419
3153
3249
8083
5123
12050
11206
6099
754
7582
2730
640
4294
4528
10183
6481
6709
11295
1389
15710
781
13909
3663
7249
6702
15997
6827
601
14501
11505
7133
13623
14587
4653
2959
11337
12951
8836
15301
4776
13602
8511
14045
767
5991
3824
3501
3913
5332
8124
15072
5552
9659
7131
15210
760
15800
9306
9595
7663
12557
4751
9148
12101
11982
7173
13997
10415
11917
12526
9765
9099
8459
163
3938
8948
1088
15286
2450
12384
6033
12109
11244
9638
6269
7573
8549
8302
12480
3270
14976
11363
10698
9352
7686
13384
13008
1388
11128
13516
3155
11419
10908
8479
12932
3352
3004
15273
1316
9828
12816
5918
5800
10287
10258
11941
14049
3098
4834
12957
3951
9779
3265
4105
12816
7948
9227
12035
9567
15657
3971
1940
1838
8531
12837
6970
4057
11367
13966
2821
12819
9766
9435
6601
6399
1720
3770
80
9486
5978
8749
11825
205
9019
11188
11539
13821
1676
7323
14448
12379
7897
4228
8369
13151
3034
10795
8169
6666
13426
2141
11198
4404
13849
2457
7508
8729
8403
707
10695
10802
9939
15505
13571
3877
6622
4825
15913
1668
756
5403
6986
1834
8493
8664
15015
2112
568
12638
14802
4535
2003
13277
15042
6926
1464
6297
3097
2844
4500
4550
12751
11861
11622
11791
3027
9781
1317
10344
14569
13151
10308
4180
13482
3117
14085
5756
7243
8836
14587
1975
9651
8728
4488
733
961
3914
7302
10199
371
9310
455
8290
8060
4707
12207
11143
4127
8172
14485
7047
10490
5682
12570
5864
2753
11930
10809
4663
3441
6092
88
4869
4531
1450
4874
5606
7240
135
9754
3251
804
9008
12046
11422
4049
11201
3721
14502
11521
15351
13428
11269
2913
11042
1309
11942
11939
14868
14957
14502
9476
10350
8606
10026
5285
8928
12371
3146
14441
3786
10415
9280
2692
12797
645
13868
4568
9153
2453
12419
2988
11577
15350
15960
1416
448
6629
7940
14174
635
9276
13587
12827
4030
10894
12162
15055
14136
684
6500
9960
11220
5047
450
11610
10191
14792
9586
15821
490
5348
9213
9477
9244
13947
10798
1736
11089
15375
10117
9917
13671
14777
15326
11215
978
10393
15819
14858
6090
8985
7318
9650
14950
11306
4909
6517
15873
9088
4192
13973
3184
14437
2204
9546
4351
10396
6907
10057
1046
10851
3962
15072
13269
3220
13140
13776
1879
9515
13390
14564
5800
3777
4909
7283
264
12866
7261
13898
6467
2584
8344
7127
10333
5785
3446
6603
12575
10251
4190
15042
13186
5970
11076
5832
1803
10433
8303
1469
15668
8958
2196
9759
11810
8262
12276
11284
6788
13822
14990
11458
12720
10042
14279
8871
14276
9424
13556
4884
6288
10875
6727
14402
6143
5867
9694
15199
1479
14259
6772
13934
14358
14604
4637
11990
12029
12
10607
2047
509
6416
12059
15080
15639
15957
14120
3907
14303
5978
6389
7884
7550
8781
13202
8938
14514
4655
8298
8275
318
6370
12810
2409
1970
15835
15514
12296
12596
597
12152
4080
14971
11498
3861
7822
8445
3769
5368
15155
12054
6681
1814
8835
13362
11083
13213
15641
11183
14372
1538
14514
6076
6484
12014
5120
5916
7140
7226
5821
13148
12628
112
659
10901
1682
10209
5252
3388
12039
13863
14922
6853
7756
5323
13239
14126
1235
773
3736
12043
7258
8576
15510
13522
6469
11345
7788
8196
10362
7645
12760
2989
12934
2904
15313
12123
7320
15802
2583
3705
8326
5461
10493
4171
14821
2909
15881
13581
9532
9864
3041
15588
5967
5838
1262
6719
7042
11670
7464
5311
13772
308
137
11223
3140
4509
5841
15252
11067
14467
6756
375
10160
14982
11672
2573
14120
14872
11808
12342
6509
6091
7492
3058
2061
6110
14626
1301
9419
3585
3693
242
4249
15656
2504
15085
13009
3332
6596
11919
15399
437
15939
6279
11498
10331
884
4647
13124
7074
8449
9149
7499
3499
5167
14221
3900
15225
6958
1007
12930
147
1960
396
8708
4859
7358
5847
5862
8634
8483
14384
5107
5702
15845
10108
1703
1299
7648
11504
10777
15019
2945
8569
14401
15359
10490
1025
214
2552
10252
6021
1627
4995
4794
3899
2418
7234
7142
6099
9536
6287
7682
12852
14220
11096
10656
13501
6397
1908
4891
12276
9149
9533
4145
799
7331
5279
14871
6189
3707
15792
13265
12652
11868
606
15250
2388
9529
14882
6642
7626
8201
12375
9002
3516
15660
11307
12358
9987
10119
7115
2083
39
6602
14963
1070
7484
5407
11309
7630
5200
5135
14037
6777
9464
13020
3036
3896
915
3783
14042
12377
12302
2424
15443
15628
6103
7911
12705
433
11423
15203
11243
5961
1746
7812
14529
9294
2758
856
13910
7997
15453
7366
7384
13863
8047
3410
4272
13328
3615
12289
12460
10975
9708
13114
2025
10998
4676
11193
10224
13358
4208
14033
608
11831
9329
851
64
9382
5114
3653
3727
12581
10364
2147
3014
6718
14066
3992
12070
12274
3040
2948
11570
2715
13272
11373
6504
9062
14705
8683
12136
8968
4130
953
9465
6185
10594
10484
3313
13326
9052
6078
2857
1104
6797
13583
1782
6798
2405
9360
8413
520
11840
742
2550
2361
11234
13776
13941
13121
12627
3900
3269
15642
2665
214
13591
15683
9269
9393
7389
1850
7027
4004
8068
10093
2439
13304
8591
7529
7664
8730
12912
13623
3923
104
12843
13373
12348
2632
5266
2501
5436
8673
15843
2939
1078
469
7298
2645
14867
4158
10649
6966
2911
3109
246
9810
9982
3378
4310
10944
3897
12246
692
5143
8708
6913
11652
7463
13933
12163
4076
7647
11934
8128
11975
2440
2815
9130
2134
1897
7255
7919
14418
795
13461
2408
11086
10300
2153
7496
15718
1512
2773
2859
3059
13965
13283
14863
4554
1198
4302
4192
15720
627
5136
12963
643
15509
2266
3156
7428
8459
4490
10022
13731
6667
11711
8872
14142
13020
3009
4380
6828
3873
2200
14767
10650
407
6162
11031
15795
12280
14683
15539
2
1453
12116
4353
11610
5505
1587
15166
11802
3086
15022
9451
2033
5176
2226
7767
3877
10160
7806
9699
15154
9774
10168
470
7290
2883
10661
7710
14025
12212
12296
12685
13953
12393
12695
9806
1007
15535
11406
12899
3427
13452
7402
10125
10243
871
9034
9425
7389
2916
5890
8780
3534
8386
6973
163
6871
2106
6036
5106
11327
5756
1653
3078
4356
13029
4170
2207
10380
4524
6008
12698
3032
9078
161
2299
10839
8103
567
2305
10400
4369
8576
730
1059
6542
4782
4337
4491
8794
5299
14915
1520
3312
8152
5203
2727
803
13498
1061
1002
13518
10928
15934
5664
3835
3831
6174
15290
6152
9463
1582
11625
1475
6808
6038
4009
14938
643
13688
6847
3796
14878
10829
15712
7229
6064
15801
8925
14253
11041
10824
3428
12364
11190
1330
8802
6017
11812
14613
15709
13076
13522
13459
8485
6612
2807
15323
11674
14220
14550
7272
11262
150
949
15120
11478
1253
13571
2907
4402
3260
8180
8215
7254
658
11082
6858
3281
1933
6400
2987
6383
1147
4136
2178
10552
8534
14850
10964
7668
1530
6875
11003
5898
611
2910
9610
12662
14232
582
4013
153
5499
5983
13759
5717
5882
11175
4034
11857
14903
594
14393
3326
5352
11595
1859
3071
10651
5272
15978
15453
9421
4457
8768
5435
6366
2158
6126
13721
6855
12273
5159
2785
3383
4170
1934
684
5416
15069
6700
9691
1651
7300
6653
3582
3599
1383
15480
3255
4782
13663
4725
14241
4381
13364
7273
11873
8670
572
1278
183
12857
4351
10526
6909
7544
10327
11958
3076
3471
8309
4189
11845
6222
1728
15903
1709
2601
10352
13915
5962
13565
2843
4340
1958
2792
9137
5550
5394
2653
15311
7581
4916
14931
15496
8234
4313
2341
7707
11183
4195
8365
9800
10899
11665
2480
8581
13260
11844
7776
8300
10923
7919
6845
12973
9165
13820
9844
1279
5317
8228
12166
946
3167
4021
811
5204
4565
6897
10390
15448
4204
5014
10718
2580
5424
10800
11688
5215
3765
15301
7552
7731
4209
7945
6455
1580
10063
6228
9384
6026
8299
13092
980
10995
10828
2228
12350
2398
11728
9403
9925
6735
8468
4213
3966
13641
15930
6841
15326
8802
948
1145
5259
7230
9511
7956
7154
4298
1319
15436
7760
1980
7259
12380
14020
4864
13369
6165
9722
13440
14457
12285
14327
6554
7888
4683
6065
14324
6519
10464
5821
7821
6877
3091
437
9446
7994
10181
13729
14313
4470
5892
14854
9606
4021
9710
12333
14428
148
12839
13490
5931
3887
771
140
49
2261
8199
5881
9328
2896
10982
13154
14895
5093
272
192
9071
11330
1705
964
9537
7964
7051
11443
8732
10990
15896
13994
4539
12425
12101
3725
3720
5801
13341
9034
1838
8680
4820
10158
3340
4260
12456
11973
1652
3669
260
2653
12077
5139
2323
9829
12269
12280
8752
4905
2275
7085
10520
7110
10038
10277
5189
8036
997
7325
1111
14204
3859
11474
4309
14385
2252
8139
7328
13754
9157
10078
2201
15644
6111
13390
11130
13597
9755
9746
8929
2945
13108
12607
6733
13611
3081
15907
9337
9599
10628
6238
7724
9774
15148
2637
2835
14588
5329
14748
11433
3615
11500
656
24
2532
3335
7945
166
11746
358
5542
1648
5212
12305
7330
13104
6638
3100
3184
15845
10023
7488
14499
9972
8144
10562
3485
10108
11714
13960
14563
2394
10641
15168
6297
4141
745
7424
13153
11571
2279
12618
3583
7414
13999
5866
3931
13234
225
5177
8495
13790
7075
4338
12619
167
8781
12545
10363
13618
12530
7501
7224
2221
8643
6709
5637
12900
7304
9519
6757
7973
7711
14793
4627
12949
12129
15385
11898
5467
9898
720
3412
14042
3186
2142
4122
1687
14218
9821
2024
12935
4135
10548
10935
15110
3771
12665
3139
8634
6135
7694
13349
11585
6895
12372
10729
6413
4942
9836
13141
4305
3129
13163
2100
14611
4552
5917
1276
6848
14632
6197
4515
5860
2067
13126
10825
10946
5075
11085
6518
5689
12544
15253
8067
9210
10328
4583
5894
6308
3450
6363
2614
9318
12745
7852
3517
1869
8100
248
3825
14705
11839
12063
9079
1471
15112
8301
7062
10533
10530
15430
5421
8274
806
15610
4520
8063
7468
5179
6963
11082
13498
10831
9086
10841
353
3928
11420
14118
4932
14637
15907
4689
15394
13705
957
3797
7232
14644
11262
8724
9756
10707
6710
15953
5214
11975
2968
15958
6897
12268
9248
15174
8878
8894
346
14084
9848
6652
3721
10825
1561
13390
15932
15725
12385
4973
11848
15562
8889
2937
11680
3229
15497
8782
14530
9387
6472
9347
15669
824
2368
6801
13899
11103
8385
4347
6385
12861
15893
5224
13611
1855
4813
12845
12109
12131
13773
2057
10233
11342
4580
13342
11126
6191
7527
7314
4878
7271
11027
6076
11919
2026
4181
10791
3998
412
1965
13162
7281
9033
4441
5368
1658
2101
11453
10061
3723
6441
208
2266
8656
3533
1459
8279
2877
13996
8545
15767
3983
983
11911
3623
2588
4242
14596
7275
2598
14183
2657
4612
12744
12050
12378
15691
911
3954
10708
12503
324
7369
5879
4503
2616
8877
6915
4433
4687
4365
3740
13744
2471
14807
13603
10140
3717
11013
13409
13579
87
4055
3391
3158
3933
15809
6725
11489
11270
7788
3425
8960
10652
6063
12500
950
12302
1386
1796
11087
12182
8633
11941
4455
15006
6852
6651
13062
13780
3580
9846
5221
6582
9216
3738
13562
9893
14960
9387
7169
12177
12881
8157
15644
2674
5030
6882
15101
6348
11983
298
8787
1675
15969
10724
129
12979
7720
5589
15932
2511
10982
15408
10822
6928
13604
9221
15607
6352
3664
5610
5446
45
14137
7039
6842
3901
15495
12843
2046
3301
8330
6814
314
12201
11664
6348
4198
4631
8211
9260
13732
9777
8216
885
8199
6307
8435
8249
3442
3191
2536
13932
14657
4156
5596
2040
15847
5620
11578
2474
12471
7768
3835
15593
513
13468
14089
12160
10543
14656
12550
1125
6178
15426
11198
15757
9292
2308
6105
1055
14623
9207
2169
8038
6679
3666
1328
644
13147
940
8519
15884
10444
4670
5885
8292
13811
15940
10912
5901
11104
7725
12809
3344
1315
578
5796
4391
6154
2026
1054
10086
11714
9398
13989
1417
9689
5144
4489
4359
1699
4537
5458
3654
9983
10587
2840
7592
8628
15177
15807
3227
15602
9694
1968
9751
4365
943
14593
10040
1477
11754
11097
11519
698
4944
12146
9283
3363
890
12708
13961
9885
10232
5313
8451
1103
2627
11878
4308
10846
4055
7341
8352
4560
4985
14019
522
12819
8098
7239
10726
12386
13589
14458
14229
7360
64
4837
2453
12999
4834
8177
8867
12808
14359
9807
2722
2889
4110
13007
9193
15181
3004
6665
6340
5914
5867
7143
12638
9016
13752
2864
12783
11656
3851
1702
595
13858
638
4818
8350
11889
7061
12926
506
5162
2465
793
7665
14451
11597
12892
9530
15611
15357
9787
8923
9534
6626
607
2440
6493
7019
12734
10928
6475
15697
2949
5573
10303
1504
5890
13093
4527
6009
14726
8053
8663
8249
5589
7132
3327
2018
2291
10781
2934
10229
10376
8420
7671
7392
3050
1846
7765
9709
13966
4084
6308
15747
10359
10156
14255
15054
11976
12181
1164
7887
3077
12164
3289
15934
13326
9706
10811
12660
15799
701
6785
3227
7224
2023
2461
13159
10236
5724
372
3067
8234
8719
12756
13874
947
612
6404
2834
9181
14364
372
4799
14353
7485
11033
6591
4029
6593
2318
8718
9706
1871
11805
13955
7072
1887
14033
13722
2423
10753
6839
211
223
8554
15437
3073
3966
431
5961
9591
5318
10766
10382
9330
3136
13120
618
13827
11366
7608
2459
6748
11386
7848
5420
1733
11672
13735
14446
7812
6399
12527
11749
2923
3275
10073
4198
4747
11043
7203
10711
12888
9866
7182
5108
12885
913
2425
6942
12479
2927
13557
10837
5931
12149
13433
1723
15450
5072
1159
15176
13657
9128
6046
15025
9866
3945
8367
3674
1775
12871
2289
167
9895
11704
12768
1188
5634
13559
12242
8887
9217
330
1619
960
11738
6569
348
6710
9308
1641
6139
15840
14559
2427
3897
3700
8904
4451
8236
6444
2366
9307
3095
5304
7670
5246
5195
7301
13938
2946
14311
15566
4924
6443
4659
13247
660
7531
10563
14419
4408
11981
14671
3008
11200
209
7595
1881
4581
4453
10180
9304
3062
1095
15911
12237
7841
1477
2745
10379
3578
8933
9770
2978
10741
952
518
2155
8732
9851
10387
1689
13842
15536
10747
1902
15663
15727
7454
11158
8514
6005
13943
12542
374
10397
13005
7978
12563
4418
15042
12289
10963
3419
9557
10480
4132
9283
10672
4845
2028
12500
12259
8886
7649
13998
11328
6992
5817
14277
488
1388
9745
14151
1788
10137
15776
10122
15414
14806
14099
1893
13671
8531
14858
12219
7313
13283
2762
60
4807
9534
9929
3776
4509
2933
6984
3297
10859
9004
11664
750
4694
3239
12510
7539
5950
8586
15759
698
14040
7252
8896
12380
947
11659
10863
13450
15545
10626
1125
6834
7067
2865
8436
6287
833
8985
9147
11207
771
14092
9448
9101
8143
11067
1286
8799
1197
6280
11464
179
11556
9925
12130
12449
6641
14625
5154
3517
11994
3373
3273
3087
10570
1216
6513
1716
14023
10745
3483
8129
1674
12783
4470
6078
7384
7895
11204
4082
5971
8061
7385
4748
4152
451
10272
4839
7001
5935
11453
9916
9372
5089
5914
5143
5147
5593
12222
5698
745
3549
7908
12651
7226
715
15679
10755
13829
9992
5086
14835
12139
8792
9868
15877
98
13475
7657
10012
11017
10463
760
5502
1207
4580
8029
13194
2315
10981
1611
2207
2023
14809
13725
9611
6786
6756
13771
14038
15994
7657
10073
2144
15780
10816
7404
2812
4403
12707
8170
11251
6427
8783
7066
12482
5034
1874
12688
14531
744
4332
13138
8077
14159
4773
10837
2420
2142
12145
11825
3857
9582
12484
4995
3995
8594
8779
14497
5732
2271
1094
12191
1610
9253
1926
9473
11938
15851
15690
374
1444
6989
15627
8535
7647
1275
12860
10123
7716
14564
9531
9639
14973
7655
4889
13784
6652
13428
3211
14232
13940
2381
3484
6640
5021
8402
5720
8714
2409
10940
2840
8557
14689
3250
15963
13865
12282
10381
10684
9386
8625
13806
9132
3553
4096
1821
14195
1565
9417
3145
10275
15431
13228
6966
3823
7191
5282
8918
15133
15591
5137
5540
15882
9663
10714
9497
3159
13659
9464
3046
7988
8364
12418
13296
11342
12580
2179
4519
2029
9957
12350
3345
7642
1650
15646
13717
14193
5499
8485
15710
11900
6827
8085
10667
12682
13071
6318
11771
5314
2568
5615
14278
13778
4080
2797
5990
8504
2642
2665
3954
12162
12313
5610
8474
9233
12658
4791
6699
9036
12786
11285
12526
13135
5984
7398
8372
14319
4987
15362
13341
11494
6649
13272
7883
15676
12052
14534
13497
4804
9315
1990
10031
15409
3910
1206
15204
4566
10581
14521
7629
9024
11928
9642
14647
11390
944
11000
2667
3570
7241
5657
647
10362
2785
8090
14737
15015
6454
1461
749
4264
14080
8903
1987
14925
5550
13058
10495
9097
8518
2025
11540
6213
1121
12741
14790
12059
11382
11124
15224
13387
2790
843
13832
6894
13867
3278
1702
10141
11162
1901
5041
5806
5582
273
6913
2917
8243
15743
2689
6006
12891
4565
11124
3860
6339
12713
8035
14553
15817
7082
6491
4940
3805
7568
14118
5839
5514
8136
8207
8203
11957
10491
15631
1579
9435
7498
3766
180
13665
14855
4451
3975
2335
709
7065
13169
12322
14015
531
7760
14440
219
14088
1536
7140
258
11164
12853
2671
3419
13834
15097
10314
11796
7957
14954
14052
8049
5027
13960
3140
6357
14649
6593
3455
14467
5582
10089
12063
1520
15055
12133
4584
13036
6759
4323
7391
11707
9532
10671
1296
5344
9266
5667
9082
15340
5781
15767
15891
14816
8498
11742
9206
12418
12783
364
4975
11741
13506
13713
3352
13287
4827
6645
10610
6279
7780
1778
13396
8388
11370
11610
3714
15192
8882
1396
14879
2743
13641
7848
11001
10177
12043
12860
5794
2596
6129
9282
4640
15056
13298
9719
7355
256
11731
11154
5209
2795
7128
7971
5131
7614
8783
11323
15150
425
4464
13338
4068
3195
3466
9258
3193
12650
12129
8246
12282
15616
14224
6734
5376
13146
4854
10699
6460
13296
9816
6085
11863
14365
15555
12738
11350
3783
11790
6971
2305
2417
1525
8250
2565
6449
4702
3434
7350
10150
7732
7927
2235
15741
4964
849
15021
10422
6593
10000
15644
15391
12916
3015
4020
7233
11971
8398
10609
11899
9702
7886
10564
7124
13700
7227
6555
4430
3538
2190
1163
15163
15664
2822
9620
195
510
9330
14849
1387
12997
8133
15832
5723
6720
2606
6343
1596
7671
13632
15261
13077
1972
6330
11678
1168
8821
5967
2764
15820
15216
970
5418
672
12322
7406
14159
8668
4324
8789
661
10496
6048
9791
5571
15880
10024
11623
6765
11885
715
11290
10462
14812
659
5780
7282
9406
9343
7440
3821
5161
7979
15002
1581
3263
1677
6345
1807
6644
3228
15120
1800
6959
10484
13688
5232
5849
12656
14709
9413
11371
13255
8526
13885
14207
2440
9262
14612
7977
1367
6470
11431
7294
15498
13520
13714
2171
15680
3555
1525
13185
5604
2780
8510
156
11874
8588
5026
10356
13610
5379
431
3554
2785
12667
8003
13605
4400
413
1825
8009
5013
4017
4910
11782
15228
2817
2760
5602
11514
7158
3878
2895
14840
5951
10590
10187
14922
7336
11653
14341
15739
4787
15244
3254
15615
10471
7194
10053
8080
6492
6451
1572
9652
13274
15023
8753
12134
3762
7591
9508
2088
100
13119
216
7977
15912
10291
13440
1546
12031
13282
331
10675
8001
9018
12652
7682
15259
3913
4516
8120
8361
2442
6017
5876
7998
12950
11682
13778
12549
3604
1501
15305
15425
6230
3115
8994
9794
6502
13768
10709
13016
790
914
2074
3128
8068
369
2881
418
1966
12144
6386
2457
15257
4650
8915
149
14459
568
1345
5366
9995
10278
6410
3348
9103
11321
7570
2223
7377
1873
4117
10260
6380
10354
9439
6644
14080
9609
7978
13525
14714
135
13774
1099
3317
13415
12626
13969
15068
3435
12162
15421
2046
9410
911
7625
15707
5172
12017
9026
4996
6944
8031
4391
9812
2204
8158
11386
9491
6764
4405
14649
15052
5992
2987
9676
10474
36
3333
1180
13160
13479
2931
15055
5160
13032
6425
8690
8606
2097
2990
10455
7381
15603
1996
9976
15281
12882
2908
6486
12176
1895
8990
738
4201
13524
4839
14682
12097
4441
3836
4185
15966
9392
5454
12078
5150
12348
12100
10953
3980
14499
628
2926
7207
9408
11484
14113
251
12793
12006
14551
11784
9521
14143
14364
6448
14985
9798
9907
6642
534
14286
8444
742
3748
6185
6513
8920
8595
14948
13842
1273
5934
14571
13464
4009
4687
10554
5474
7439
1822
2362
9341
15092
2245
3510
2328
14332
6225
15259
1030
15997
4154
6672
4499
8176
4987
920
15150
6401
2900
3088
4829
15977
5505
10592
3559
6485
15524
524
11542
10647
6226
8610
6110
1668
15670
5082
2212
2225
12237
9481
4258
14410
3199
1985
5879
6582
15281
15713
10657
11328
13534
8737
3347
4018
1500
5444
6810
3766
6366
4834
9568
2615
7628
8001
3162
12678
12209
14913
7481
14961
15212
6740
11612
3374
1939
5186
12900
4150
5682
6277
6191
9173
3570
1397
5762
9743
9795
5812
3496
13256
1354
6559
11620
498
12175
11796
5417
10629
14111
332
14404
11786
10345
9601
577
4067
296
1040
11217
6911
12975
524
2558
4883
9678
9160
14462
4430
6432
12694
10740
3855
14858
10632
3699
6524
10284
8310
6866
7122
5221
15323
8917
14896
11428
11625
12570
13960
12426
1110
10841
2837
2186
1286
7134
2332
8277
9401
1045
10710
5547
6144
14004
15622
4198
8142
11080
15810
3779
10198
887
9145
1035
9352
7199
15867
4554
893
7029
12000
7035
1940
3367
13484
3765
14198
5842
15883
8767
3588
6008
998
13402
10513
12359
6265
15739
11562
10792
13279
14250
15507
7766
13314
4316
7416
13092
13845
11005
15073
118
6472
14491
3449
14653
11269
5657
7709
635
5807
7748
13538
6714
1819
7471
719
10456
9641
11429
732
8200
9166
963
5495
3587
5266
1497
14803
11662
15875
15398
5552
11966
9206
4838
9873
11695
10585
8525
15740
2633
13197
10177
8079
13625
8925
6267
15726
7520
3853
3345
14500
8674
15175
8857
12354
2173
13931
11538
2572
9645
14290
8356
12089
14454
4415
14074
14376
1851
14287
5486
7792
12317
11945
7616
9618
6020
270
1814
10500
4373
356
12428
1112
4668
7621
202
15031
3943
1194
5569
4400
9106
15443
4757
3389
7909
1226
14130
13650
13497
5717
7058
3811
9916
9001
8993
7964
14643
5089
1497
5034
9715
10864
13363
12817
12780
4731
6972
6456
3277
11225
387
11985
11284
2508
10487
9528
7522
15497
10452
2520
13147
482
9850
4577
3980
10226
15836
10029
10013
10861
6353
10424
15768
10270
13964
10540
6053
14310
5497
13755
6201
4226
4833
7
13797
7793
3999
4903
5275
14304
5574
420
1065
14857
6568
3211
2619
407
14519
2472
12611
9094
14486
3365
15701
8510
12408
9038
14687
5994
1444
9207
3672
14668
6593
8773
4733
6188
216
6713
2867
3576
8944
2040
14231
8
3538
3614
15339
13418
6310
4249
492
15568
626
7589
2186
13791
8974
13742
15290
8203
9274
12104
13732
6866
8828
5146
3329
2501
7046
13639
10866
12098
3960
2968
2035
13458
6831
12103
7930
12636
7956
3692
13369
15236
1386
2411
5571
5980
1272
8875
12797
7921
15708
15737
7013
15642
15373
11574
14604
14937
4237
3796
13472
13508
13581
5912
15486
12005
15319
1456
14864
13099
6619
7729
12136
442
9488
8167
9657
10888
7204
5755
12133
2003
11532
1846
12963
418
901
15855
1806
15272
15591
4295
2491
11509
10283
9202
5414
4793
14142
6130
8568
13055
6250
1619
8585
631
10894
7854
9685
10420
4144
1587
6470
9505
323
8202
11171
7526
3968
8325
3850
5801
8449
503
2442
14433
5837
13170
5077
2367
6481
11982
7253
1374
13981
1574
8179
11083
277
14007
5517
13163
11634
14211
10300
374
4539
12604
2850
4076
992
8510
2037
15511
9770
14168
10991
9776
2329
2282
9943
4579
3648
10841
7318
6235
13663
10998
10340
5815
14207
8843
6388
454
14364
8083
8732
12695
738
6682
10805
12679
10991
2558
13429
15852
7712
11793
10938
6811
14797
1722
13743
11522
7043
3643
14698
14708
14633
9000
9295
9053
2936
6955
836
11469
10415
11648
8123
6168
5180
9515
15311
9891
424
15995
12281
10286
4042
10730
8213
11255
14056
2593
263
6080
5139
5929
8554
5845
4588
8145
3738
9408
13128
1352
10106
4496
1552
9949
11541
11469
12209
13744
14030
1900
10501
12981
11971
1897
6041
2497
14812
12322
4562
9843
11323
10326
11066
7439
13294
13888
14754
12140
8086
7800
7079
5260
10689
618
10083
7106
2794
553
13360
3637
8099
7723
4
11019
5946
3474
7880
5229
1609
2273
4406
817
11512
4134
9355
4933
4845
5310
14588
14004
9031
4354
14297
15356
6980
7651
15871
10083
13149
6128
14742
13704
10685
8284
1782
12482
171
8947
11207
1779
14875
4110
9267
5298
13594
4561
14988
13249
10875
15327
8389
3386
12380
2782
12727
825
13630
11674
12961
12242
2996
13868
7356
9177
14462
8919
1502
11314
10861
1365
6085
4122
8525
13675
14120
5762
15952
12637
11578
2991
8030
3547
10387
944
9926
5589
7091
2124
7828
10779
8155
401
14011
6384
3306
4138
11716
4867
14679
12173
11882
15366
1982
9654
4852
11560
6045
15618
1937
15014
5564
11018
534
138
15136
3119
8800
4592
1088
10770
7656
7244
6507
15505
3629
12567
14535
9181
7508
11177
5229
339
605
14276
5719
3598
12485
9849
11107
558
1779
12919
3988
6802
7889
1052
12990
7516
14754
8827
4186
8248
575
5667
14206
9203
15364
12668
232
6052
13726
6917
15138
6016
604
2722
10381
11293
7853
7704
13952
6096
595
13058
11746
12896
8919
4358
6965
11464
9258
5150
2853
4319
788
5205
2715
2477
2738
1378
998
12268
15826
11157
13962
5727
14843
7973
4348
12928
3451
2784
12552
9142
11587
14856
9420
13556
8688
8932
2743
9948
10481
9222
15984
1580
11302
10836
9775
8418
13991
13516
7544
5648
9410
7194
1676
14009
10323
1953
9824
2005
3295
13330
11535
12179
6529
11033
15822
13084
9479
8399
3516
7410
4345
6146
5544
4483
2369
2467
8792
3833
666
5519
7904
9529
9545
12269
1148
2877
13198
4225
4435
7090
6880
4688
3655
224
4756
12335
363
14811
15909
14344
7857
15064
14520
788
672
14056
6754
3187
7996
15181
6217
11043
12534
342
9996
11449
9521
3658
7153
15423
6076
4259
13127
8386
4897
8546
8684
1008
1801
4901
4096
14566
7700
5402
14486
9623
6000
13088
10802
6023
4411
12909
15239
9598
8191
14602
6918
3571
1997
8149
10925
7742
6316
8238
474
7780
7132
5118
14802
603
15223
14875
13172
8180
10453
13280
9535
11102
9596
10266
14013
5236
4945
10520
4984
12467
15379
9301
9196
7013
10965
2309
15440
6393
5214
15848
3064
4294
5762
2029
13512
3500
7149
959
1019
5487
3402
13578
11903
7418
3846
2500
5944
7300
5989
248
2467
6806
6545
11070
13777
14669
13429
10931
2398
4643
9481
6327
405
1147
9610
4459
9102
15681
6265
3087
9886
9906
15672
9721
3174
13359
4547
4289
5478
1721
9153
7372
10196
1099
3762
510
15941
6020
539
4950
9205
14318
14852
8116
3218
13732
14520
7539
10872
22
10173
2099
6417
6752
9220
7852
5927
11512
35
8668
15263
10309
7279
8241
2711
4551
2535
886
8876
10269
15975
15618
11209
2502
9214
4514
11926
3948
7876
14796
5786
12111
1100
2451
3296
13368
13490
15830
2694
9633
11963
15498
692
1754
11436
236
2928
4521
11688
14322
10898
3299
13794
4323
5949
2456
1401
5668
12797
8266
6551
13412
15556
2748
2613
3263
4146
10742
14616
5196
4006
13638
1007
5483
11591
546
14642
10369
14934
3320
9449
2865
8608
4059
4111
9210
4731
5542
15146
3487
9701
5551
2577
9967
6060
8113
9155
5185
12144
3947
14920
13198
14063
14751
10793
11496
1208
14021
15313
4793
15640
14394
12528
4826
15395
15624
7483
5142
938
14557
9062
3413
3300
7125
9300
7015
1798
5684
3218
9318
8883
12059
4817
11
11901
7479
15352
15074
727
12126
4476
11745
2054
4625
15128
14275
5713
1442
3539
7460
4844
11362
10037
11374
7812
15712
1173
12916
8982
13282
5711
2193
12351
10595
10629
13479
3856
12218
4180
5781
2851
14052
14797
13402
5270
15129
12609
3460
1533
930
7935
5795
8815
15249
894
8381
12421
14135
999
6437
6075
13270
9109
11631
3863
3168
3114
37
14803
13198
14946
897
11308
5517
3485
3933
14390
13511
15310
13313
1985
2876
13305
1330
14634
7691
10625
8924
1432
4934
5692
2549
8972
3341
10836
13138
9132
4197
12348
3871
5193
1814
13371
10945
10999
10334
4330
15287
8751
15741
2972
12338
867
7568
4884
10123
5400
15284
14296
14012
6025
15280
112
4364
9295
9749
5385
1499
11654
947
1110
13250
9410
5748
9255
4740
4847
5148
7085
4558
1520
5103
658
871
14532
13835
11024
2900
7746
877
618
12572
6596
8880
15849
850
13579
4162
4381
13363
2952
10934
10161
10039
15003
2809
12289
4254
1846
8722
12582
2267
12588
15937
4706
4959
9120
14144
4300
10694
8356
11511
347
11829
2453
8158
9846
3044
143
8295
3715
15808
5316
4641
4697
6019
1016
15308
10526
15104
14828
2656
14374
2745
7489
8233
2523
8246
2809
7050
10358
6331
15733
4993
13934
8332
12294
3175
15642
5996
591
10273
15268
1940
1727
10963
4407
11722
13304
15963
8387
259
2542
8323
14021
1108
14914
13072
12782
4381
4758
15728
13736
14316
11948
11195
2310
13667
12816
5772
4732
15406
3914
7252
6175
5473
15588
2978
12798
9289
12128
1414
8336
15465
15645
8935
5899
1968
14292
7357
5162
14798
9776
14476
9776
5494
12131
10947
1606
11707
1730
8154
6498
2799
7936
12836
15213
13231
11290
1284
12404
2224
8264
15154
8460
2683
10754
13919
6809
10142
8989
13497
12255
10933
15239
608
3084
13500
9662
10118
686
12849
14971
9397
11050
9999
631
12672
4004
10625
6060
15753
1316
10813
3741
10302
5217
14523
15428
5623
11052
9982
15650
4229
13856
12472
13776
6777
6977
15353
14717
6924
14454
13436
13580
13966
11299
8860
13009
4267
10387
815
7734
14849
7898
6317
7188
11621
4998
8965
804
10954
15847
4812
9008
6781
12878
12678
7325
10715
10048
8957
9353
7500
334
12013
669
15759
6549
511
3050
14848
14160
6221
9212
12697
1251
7899
9007
6873
2785
14267
6586
12875
12891
15370
4016
7806
15635
11547
14697
15842
4717
15086
7191
13436
7760
441
9950
15974
13009
4910
15746
7260
9697
2686
4755
8594
8140
11409
15251
8956
4122
14837
9614
14373
11139
8775
9166
15886
680
13806
4570
5545
1751
3812
12303
4554
7915
15741
6652
13795
5855
362
7140
13151
1995
4104
12467
762
8308
1181
2556
15191
5229
11726
2752
7434
10816
6238
7303
4440
4584
8756
4919
12545
11363
12902
6860
8635
13029
14883
4453
14436
14245
6238
11529
1429
3075
15252
12557
7580
4397
8216
12820
9552
1211
1601
12888
798
12448
11962
5048
14866
14658
12035
2506
2572
12623
6994
344
618
5391
4172
211
4914
12445
4277
10107
3211
12115
9375
12873
3894
8205
5994
10830
6924
2117
10888
3864
10828
574
9321
15370
6456
2798
13319
10467
10113
12343
12151
2608
10165
1763
8980
3748
12312
6944
7530
7636
4892
1533
9814
14734
3909
10534
12156
10213
1530
3060
14446
11633
14111
4345
10040
1192
9151
5044
4246
11035
1335
9087
74
1456
3854
9653
12652
6673
12051
8049
10890
6085
9017
1338
10283
13385
9390
5139
5781
7391
8675
15393
4104
5137
8734
13515
14301
6099
3827
3136
11377
14322
8639
6469
12630
4226
4846
8884
6958
15818
14159
1807
3940
7323
91
13551
1027
11070
3833
9935
15478
7103
2234
9242
15110
13947
12654
5121
688
8597
6741
8764
8180
11389
2550
2107
6019
12531
8518
11519
5285
343
15727
78
1216
7087
2969
1806
7360
1320
9569
4053
3495
10654
3748
13348
4907
15506
15901
2994
2438
6940
15162
11292
772
9060
6710
3488
6598
11103
4571
11038
12583
9971
7856
11982
7568
2946
3413
15437
7100
7424
8057
4652
15169
9121
13530
1252
15059
12760
4522
15005
15529
5609
8151
9582
12981
6366
6962
4144
11097
14265
12871
10174
2362
14877
14307
14456
218
6014
13459
11036
4652
8140
12993
2487
12716
10113
9323
15619
11156
4577
42
10400
2054
12897
15270
3350
12639
15576
8332
5881
12631
4955
2975
12480
5533
8118
4569
10035
10990
1456
11971
9271
6412
11287
13821
11412
7196
12338
7611
8889
8810
9057
12233
15480
1196
10805
13212
10723
3862
10292
177
1458
9847
7691
14840
15505
10383
6109
7278
9463
13094
11076
4273
2292
8103
1846
4905
15025
894
4421
10334
3924
7152
11127
12527
10237
1442
4321
4127
2723
11337
11635
9920
15630
11064
582
7292
4931
7543
14179
3394
5055
9261
472
14253
3999
15396
597
2545
12217
2811
6866
12108
13258
5187
10364
13609
11035
4932
10195
9558
12111
12106
13614
13046
5634
15749
11387
14059
838
1033
5377
3313
3316
5113
15686
321
6246
76
11417
10015
5283
7299
2172
5042
9773
14772
13534
6280
5897
11695
8534
4600
2006
10852
14649
11446
3885
12930
1175
12900
6048
13754
1886
4128
821
15614
852
11930
9269
8794
2733
9510
3689
14465
3784
15306
974
2708
3156
418
535
5937
5827
568
16
716
4376
7717
7716
10232
4715
14503
8611
15271
2877
11586
5175
5715
11412
9991
15043
12954
15583
15938
12068
11661
4954
15173
13409
11076
15707
4154
4693
8591
2189
14211
5606
2608
7849
12141
10571
8883
5529
14151
1344
2562
8991
8570
10814
5876
8250
13180
8723
10071
15178
7888
8486
5487
3360
6002
13910
9132
14329
4056
7448
9834
513
849
1611
9139
2125
1931
12084
139
1653
15182
1169
7983
4181
2681
12634
2179
3715
8570
4731
3679
12536
10841
13967
3367
4328
12472
15383
2477
8199
500
15785
5093
6953
9760
12321
15471
7516
7152
15015
8075
12063
11342
3332
4106
7814
2807
8832
7964
14439
2975
10079
8449
10886
8058
12780
8696
6978
13337
12698
13853
9173
10377
5257
6046
8595
14351
4917
7422
10786
6702
7255
14775
2612
15829
3750
6892
9109
2821
2822
7410
7558
247
4903
1969
5963
13562
12120
7584
9919
8472
3041
9066
4493
14646
13007
11827
14202
13531
8464
8365
13774
3950
3065
5728
3005
13908
8846
2022
4009
13284
15127
13788
12806
13828
13932
2476
5167
5643
4351
4553
6061
7596
8427
14084
14958
8850
10410
15438
1992
1220
15789
2084
4566
8214
5594
8600
2496
1993
12981
3838
5577
13317
3388
12400
7402
13581
1299
11332
4451
10968
9975
6450
547
1751
5707
12264
8270
15776
11916
2303
15901
6820
3064
7134
3162
9715
8260
7119
9134
11880
6012
236
2737
1711
803
6931
11701
7721
15034
11982
5436
5317
4486
10219
69
13069
383
269
13644
11998
7098
11255
631
14453
8047
10228
13122
14267
6700
2727
4090
5056
567
680
650
4546
207
12177
5493
1960
11627
14303
15917
13323
9769
12918
5581
8329
4833
10626
13778
9428
3119
2239
3158
3889
5724
1435
13712
10832
939
8579
7427
7204
15275
12744
2156
14814
4230
12678
7177
5264
11730
7821
14059
5066
13879
15795
11641
11002
3336
5285
1275
7904
13752
5362
11886
5512
1148
8898
13067
13026
8522
11825
7798
4387
5517
11306
3628
15665
8008
3032
6132
4381
12175
3805
9375
12082
5622
427
15287
6173
11136
9958
7193
5152
2561
14256
3723
10812
9036
10266
6965
699
11122
13038
703
12316
6016
4909
15335
6131
2426
2336
2577
15681
1397
9182
11072
12155
15639
340
2391
9145
1966
7699
14517
12336
12197
15594
9106
5956
201
14496
12625
2158
3089
11337
3249
13754
7838
644
1253
6266
11546
8696
4106
6358
13189
12420
5504
9848
1769
15030
371
11474
15213
6185
6086
5778
4621
5358
2985
14633
11497
8159
5455
812
4527
7438
10160
1436
3082
9170
15482
13226
13390
13967
8475
7007
12867
5179
6621
7010
4747
6189
13298
15217
5701
4218
1464
2954
15580
10158
6556
13761
15496
1395
8500
2915
9763
12477
14568
8735
12619
3353
11101
1235
5558
12636
4966
9402
14729
8921
11565
6613
12228
247
639
7195
4942
10955
12388
3396
9250
1430
1604
12697
1819
6518
4002
12775
6625
12371
3232
15408
8366
13698
6566
7915
14218
4432
6213
5385
13670
12474
4748
5309
7335
11238
14774
12060
1224
989
15233
6196
2152
2656
2124
9970
12728
1269
7032
1387
651
4650
14152
10424
1661
9796
2282
7263
7278
1014
4059
15485
10458
8942
13518
4912
13771
6061
5923
3544
5061
15747
8957
15164
9341
15113
14264
5959
13968
15837
1176
15727
12793
2522
2811
9438
11391
5919
6986
3943
1810
8267
3603
14140
7567
12492
5233
2805
3718
9020
8882
551
14217
1987
1970
6924
15929
14552
4953
761
12304
2649
12347
2800
15465
836
4841
13886
1512
5680
15834
127
3111
14837
2648
9857
11800
4184
10479
14040
14755
15592
12468
14680
7163
13227
163
13825
7426
2970
13161
15494
5257
8017
9412
14041
4360
5089
2682
8828
4218
5640
7639
9579
8835
5739
10613
13300
4557
6193
258
4523
4655
12142
15466
4533
7991
9762
14361
9536
573
1379
13251
14814
9820
3336
13801
11526
11053
11562
552
3504
12890
2702
11350
7829
10457
3827
13786
5716
5745
8086
13051
9501
7753
12472
14476
13133
5649
2511
1548
14704
12944
1539
9398
13542
9859
3128
14548
3488
5084
13552
7063
2018
6269
9995
8160
4848
12707
10809
7211
854
1255
3481
11106
1815
8971
7083
13435
13237
9345
723
9280
4527
5316
14485
12852
1308
11144
5742
2063
5715
15847
3717
2046
8559
14801
13549
1101
8423
13542
13293
12217
15868
8109
9319
13465
2586
1517
13825
3183
13513
1785
12685
4479
13675
303
3300
13093
11368
3556
7261
12020
3547
10973
4986
14124
293
15014
13734
752
10282
6813
14033
9267
2379
11699
11724
6680
15094
10037
9375
12876
7691
3662
6240
10994
3824
4249
10346
9118
9589
6584
13658
14952
6689
9316
1688
1822
3262
2305
9019
14084
4598
1162
6019
6723
10196
11644
1691
14054
4256
5827
15354
12296
5149
3504
13575
1205
8825
6970
10961
176
6354
3650
2619
14534
15979
2870
1940
1912
1318
1637
634
8571
6902
15126
3480
7290
11564
8746
12697
13400
781
9184
13489
7065
4890
4256
5554
10603
11104
8384
10298
2520
1515
13375
1706
5203
14877
4612
696
10337
14787
12670
2517
15285
13960
444
11515
10321
12673
15069
208
12094
8402
15439
15624
12950
7013
7599
12149
2357
11794
15674
6704
4060
5543
13485
3432
3509
449
9960
1306
6491
12742
9809
3439
13302
9577
154
5595
3699
4241
15698
18
13635
10849
11852
8946
7
4877
9431
12602
8981
2955
5865
15043
3421
5617
10311
407
5884
5084
7888
11201
13293
3115
12263
7353
10614
13853
7282
273
6534
15345
4780
4968
15959
9468
2901
629
10781
5739
11288
13944
12837
9832
8777
12221
4445
14420
5760
12094
8621
9808
574
6348
13497
15620
12756
1280
4688
9809
1972
2602
14211
15698
2675
2324
11605
1059
4127
15700
7098
12925
5160
12449
13691
3787
13059
4555
5381
5475
10939
5891
10103
9542
1407
15683
8559
10533
15648
11368
9807
6566
3251
5393
12295
7161
2293
13993
10007
8939
3285
14434
13127
6386
13252
441
1080
12820
13967
2034
15815
10468
12477
7443
11581
1940
11207
15373
4310
11788
5902
785
9030
13416
2380
9343
11384
13680
2961
5189
10296
14186
3080
5545
15714
15465
5023
9939
6132
7365
13959
2835
10901
152
13271
8452
3826
1207
9001
4994
14996
13284
4360
7301
11932
10849
4185
6368
1258
7434
15537
13109
12970
14479
2251
1876
6358
4151
11565
1836
11213
6797
6828
10418
8074
15011
14537
2405
6960
2275
11746
9937
8707
14839
13077
6258
14885
1200
11390
15203
9298
7544
3837
10550
1600
11823
5240
15082
3729
12710
10490
15187
14869
12476
2285
8300
13096
4275
2140
6105
2280
14423
1276
7396
2841
5475
4805
12651
11543
9819
2622
11565
13770
5210
3180
787
15902
4297
10521
2135
1697
7705
1044
3493
558
7371
14277
12465
12380
9299
3460
12714
10214
9063
5107
5316
5790
